113 2240 2449 2709 4689 5069 
114 2241 2450 2710 4690 5070 
115 2242 2451 2711 4691 5071 
116 2243 2452 2712 4692 5072 
117 2244 2453 2713 4693 5073 
118 2245 2454 2714 4694 5074 
119 2246 2455 2715 4695 5075 
120 2247 2456 2716 4696 5076 
121 2248 2457 2717 4697 5077 
122 2249 2458 2718 4698 5078 
123 2250 2459 2719 4699 5079 
124 2251 2460 2720 4700 5080 
125 2252 2461 2721 4701 5081 
126 2253 2462 2722 4702 5082 
127 2254 2463 2723 4703 5083 
128 2255 2464 2724 4704 5084 
129 2256 2465 2725 4705 5085 
130 2257 2466 2726 4706 5086 
131 2258 2467 2727 4707 5087 
132 2259 2468 2728 4708 5088 
133 2260 2469 2729 4709 5089 
134 2261 2470 2730 4710 5090 
135 2262 2471 2731 4711 5091 
136 2263 2472 2732 4712 5092 
137 2264 2473 2733 4713 5093 
138 2265 2474 2734 4714 5094 
139 2266 2475 2735 4715 5095 
140 2267 2476 2736 4716 5096 
141 2268 2477 2737 4717 5097 
142 2269 2478 2738 4718 5098 
143 2270 2479 2739 4719 5099 
144 2271 2480 2740 4720 4845 
145 2272 2481 2741 4721 4846 
146 2273 2482 2742 4722 4847 
147 2274 2483 2743 4723 4848 
148 2275 2484 2744 4724 4849 
149 2276 2485 2745 4725 4850 
150 2277 2486 2746 4726 4851 
151 2278 2487 2747 4727 4852 
152 2279 2488 2748 4728 4853 
153 2280 2489 2749 4729 4854 
154 2281 2490 2750 4730 4855 
155 2282 2491 2751 4731 4856 
156 2283 2492 2752 4732 4857 
157 2284 2493 2753 4733 4858 
158 2285 2494 2754 4734 4859 
159 2286 2495 2755 4735 4860 
160 2287 2496 2756 4736 4861 
161 2288 2497 2757 4737 4862 
162 2289 2498 2758 4738 4863 
163 2290 2499 2759 4739 4864 
164 2291 2500 2760 4740 4865 
165 2292 2501 2761 4741 4866 
166 2293 2502 2762 4742 4867 
167 2294 2503 2763 4743 4868 
168 2040 2504 2764 4744 4869 
169 2041 2505 2765 4745 4870 
170 2042 2506 2766 4746 4871 
171 2043 2507 2767 4747 4872 
172 2044 2508 2768 4748 4873 
173 2045 2509 2769 4749 4874 
174 2046 2510 2770 4750 4875 
175 2047 2511 2771 4751 4876 
176 2048 2512 2772 4752 4877 
177 2049 2513 2773 4753 4878 
178 2050 2514 2774 4754 4879 
179 2051 2515 2775 4755 4880 
180 2052 2516 2776 4756 4881 
181 2053 2517 2777 4757 4882 
182 2054 2518 2778 4758 4883 
183 2055 2519 2779 4759 4884 
184 2056 2520 2780 4760 4885 
185 2057 2521 2781 4761 4886 
186 2058 2522 2782 4762 4887 
187 2059 2523 2783 4763 4888 
188 2060 2524 2784 4764 4889 
189 2061 2525 2785 4765 4890 
190 2062 2526 2786 4766 4891 
191 2063 2527 2787 4767 4892 
192 2064 2528 2788 4768 4893 
193 2065 2529 2789 4769 4894 
194 2066 2530 2790 4770 4895 
195 2067 2531 2791 4771 4896 
196 2068 2532 2792 4772 4897 
197 2069 2533 2793 4773 4898 
198 2070 2534 2794 4774 4899 
199 2071 2535 2795 4775 4900 
200 2072 2536 2796 4776 4901 
201 2073 2537 2797 4777 4902 
202 2074 2538 2798 4778 4903 
203 2075 2539 2799 4779 4904 
204 2076 2540 2800 4780 4905 
205 2077 2541 2801 4781 4906 
206 2078 2542 2802 4782 4907 
207 2079 2543 2803 4783 4908 
208 2080 2544 2804 4784 4909 
209 2081 2545 2550 4785 4910 
210 2082 2546 2551 4786 4911 
211 2083 2547 2552 4787 4912 
212 2084 2548 2553 4788 4913 
213 2085 2549 2554 4789 4914 
214 2086 2295 2555 4790 4915 
215 2087 2296 2556 4791 4916 
216 2088 2297 2557 4792 4917 
217 2089 2298 2558 4793 4918 
218 2090 2299 2559 4794 4919 
219 2091 2300 2560 4795 4920 
220 2092 2301 2561 4796 4921 
221 2093 2302 2562 4797 4922 
222 2094 2303 2563 4798 4923 
223 2095 2304 2564 4799 4924 
224 2096 2305 2565 4800 4925 
225 2097 2306 2566 4801 4926 
226 2098 2307 2567 4802 4927 
227 2099 2308 2568 4803 4928 
228 2100 2309 2569 4804 4929 
229 2101 2310 2570 4805 4930 
230 2102 2311 2571 4806 4931 
231 2103 2312 2572 4807 4932 
232 2104 2313 2573 4808 4933 
233 2105 2314 2574 4809 4934 
234 2106 2315 2575 4810 4935 
235 2107 2316 2576 4811 4936 
236 2108 2317 2577 4812 4937 
237 2109 2318 2578 4813 4938 
238 2110 2319 2579 4814 4939 
239 2111 2320 2580 4815 4940 
240 2112 2321 2581 4816 4941 
241 2113 2322 2582 4817 4942 
242 2114 2323 2583 4818 4943 
243 2115 2324 2584 4819 4944 
244 2116 2325 2585 4820 4945 
245 2117 2326 2586 4821 4946 
246 2118 2327 2587 4822 4947 
247 2119 2328 2588 4823 4948 
248 2120 2329 2589 4824 4949 
249 2121 2330 2590 4825 4950 
250 2122 2331 2591 4826 4951 
251 2123 2332 2592 4827 4952 
252 2124 2333 2593 4828 4953 
253 2125 2334 2594 4829 4954 
254 2126 2335 2595 4830 4955 
0 2127 2336 2596 4831 4956 
1 2128 2337 2597 4832 4957 
2 2129 2338 2598 4833 4958 
3 2130 2339 2599 4834 4959 
4 2131 2340 2600 4835 4960 
5 2132 2341 2601 4836 4961 
6 2133 2342 2602 4837 4962 
7 2134 2343 2603 4838 4963 
8 2135 2344 2604 4839 4964 
9 2136 2345 2605 4840 4965 
10 2137 2346 2606 4841 4966 
11 2138 2347 2607 4842 4967 
12 2139 2348 2608 4843 4968 
13 2140 2349 2609 4844 4969 
14 2141 2350 2610 4590 4970 
15 2142 2351 2611 4591 4971 
16 2143 2352 2612 4592 4972 
17 2144 2353 2613 4593 4973 
18 2145 2354 2614 4594 4974 
19 2146 2355 2615 4595 4975 
20 2147 2356 2616 4596 4976 
21 2148 2357 2617 4597 4977 
22 2149 2358 2618 4598 4978 
23 2150 2359 2619 4599 4979 
24 2151 2360 2620 4600 4980 
25 2152 2361 2621 4601 4981 
26 2153 2362 2622 4602 4982 
27 2154 2363 2623 4603 4983 
28 2155 2364 2624 4604 4984 
29 2156 2365 2625 4605 4985 
30 2157 2366 2626 4606 4986 
31 2158 2367 2627 4607 4987 
32 2159 2368 2628 4608 4988 
33 2160 2369 2629 4609 4989 
34 2161 2370 2630 4610 4990 
35 2162 2371 2631 4611 4991 
36 2163 2372 2632 4612 4992 
37 2164 2373 2633 4613 4993 
38 2165 2374 2634 4614 4994 
39 2166 2375 2635 4615 4995 
40 2167 2376 2636 4616 4996 
41 2168 2377 2637 4617 4997 
42 2169 2378 2638 4618 4998 
43 2170 2379 2639 4619 4999 
44 2171 2380 2640 4620 5000 
45 2172 2381 2641 4621 5001 
46 2173 2382 2642 4622 5002 
47 2174 2383 2643 4623 5003 
48 2175 2384 2644 4624 5004 
49 2176 2385 2645 4625 5005 
50 2177 2386 2646 4626 5006 
51 2178 2387 2647 4627 5007 
52 2179 2388 2648 4628 5008 
53 2180 2389 2649 4629 5009 
54 2181 2390 2650 4630 5010 
55 2182 2391 2651 4631 5011 
56 2183 2392 2652 4632 5012 
57 2184 2393 2653 4633 5013 
58 2185 2394 2654 4634 5014 
59 2186 2395 2655 4635 5015 
60 2187 2396 2656 4636 5016 
61 2188 2397 2657 4637 5017 
62 2189 2398 2658 4638 5018 
63 2190 2399 2659 4639 5019 
64 2191 2400 2660 4640 5020 
65 2192 2401 2661 4641 5021 
66 2193 2402 2662 4642 5022 
67 2194 2403 2663 4643 5023 
68 2195 2404 2664 4644 5024 
69 2196 2405 2665 4645 5025 
70 2197 2406 2666 4646 5026 
71 2198 2407 2667 4647 5027 
72 2199 2408 2668 4648 5028 
73 2200 2409 2669 4649 5029 
74 2201 2410 2670 4650 5030 
75 2202 2411 2671 4651 5031 
76 2203 2412 2672 4652 5032 
77 2204 2413 2673 4653 5033 
78 2205 2414 2674 4654 5034 
79 2206 2415 2675 4655 5035 
80 2207 2416 2676 4656 5036 
81 2208 2417 2677 4657 5037 
82 2209 2418 2678 4658 5038 
83 2210 2419 2679 4659 5039 
84 2211 2420 2680 4660 5040 
85 2212 2421 2681 4661 5041 
86 2213 2422 2682 4662 5042 
87 2214 2423 2683 4663 5043 
88 2215 2424 2684 4664 5044 
89 2216 2425 2685 4665 5045 
90 2217 2426 2686 4666 5046 
91 2218 2427 2687 4667 5047 
92 2219 2428 2688 4668 5048 
93 2220 2429 2689 4669 5049 
94 2221 2430 2690 4670 5050 
95 2222 2431 2691 4671 5051 
96 2223 2432 2692 4672 5052 
97 2224 2433 2693 4673 5053 
98 2225 2434 2694 4674 5054 
99 2226 2435 2695 4675 5055 
100 2227 2436 2696 4676 5056 
101 2228 2437 2697 4677 5057 
102 2229 2438 2698 4678 5058 
103 2230 2439 2699 4679 5059 
104 2231 2440 2700 4680 5060 
105 2232 2441 2701 4681 5061 
106 2233 2442 2702 4682 5062 
107 2234 2443 2703 4683 5063 
108 2235 2444 2704 4684 5064 
109 2236 2445 2705 4685 5065 
110 2237 2446 2706 4686 5066 
111 2238 2447 2707 4687 5067 
112 2239 2448 2708 4688 5068 
75 368 2495 2704 2964 4944 
76 369 2496 2705 2965 4945 
77 370 2497 2706 2966 4946 
78 371 2498 2707 2967 4947 
79 372 2499 2708 2968 4948 
80 373 2500 2709 2969 4949 
81 374 2501 2710 2970 4950 
82 375 2502 2711 2971 4951 
83 376 2503 2712 2972 4952 
84 377 2504 2713 2973 4953 
85 378 2505 2714 2974 4954 
86 379 2506 2715 2975 4955 
87 380 2507 2716 2976 4956 
88 381 2508 2717 2977 4957 
89 382 2509 2718 2978 4958 
90 383 2510 2719 2979 4959 
91 384 2511 2720 2980 4960 
92 385 2512 2721 2981 4961 
93 386 2513 2722 2982 4962 
94 387 2514 2723 2983 4963 
95 388 2515 2724 2984 4964 
96 389 2516 2725 2985 4965 
97 390 2517 2726 2986 4966 
98 391 2518 2727 2987 4967 
99 392 2519 2728 2988 4968 
100 393 2520 2729 2989 4969 
101 394 2521 2730 2990 4970 
102 395 2522 2731 2991 4971 
103 396 2523 2732 2992 4972 
104 397 2524 2733 2993 4973 
105 398 2525 2734 2994 4974 
106 399 2526 2735 2995 4975 
107 400 2527 2736 2996 4976 
108 401 2528 2737 2997 4977 
109 402 2529 2738 2998 4978 
110 403 2530 2739 2999 4979 
111 404 2531 2740 3000 4980 
112 405 2532 2741 3001 4981 
113 406 2533 2742 3002 4982 
114 407 2534 2743 3003 4983 
115 408 2535 2744 3004 4984 
116 409 2536 2745 3005 4985 
117 410 2537 2746 3006 4986 
118 411 2538 2747 3007 4987 
119 412 2539 2748 3008 4988 
120 413 2540 2749 3009 4989 
121 414 2541 2750 3010 4990 
122 415 2542 2751 3011 4991 
123 416 2543 2752 3012 4992 
124 417 2544 2753 3013 4993 
125 418 2545 2754 3014 4994 
126 419 2546 2755 3015 4995 
127 420 2547 2756 3016 4996 
128 421 2548 2757 3017 4997 
129 422 2549 2758 3018 4998 
130 423 2295 2759 3019 4999 
131 424 2296 2760 3020 5000 
132 425 2297 2761 3021 5001 
133 426 2298 2762 3022 5002 
134 427 2299 2763 3023 5003 
135 428 2300 2764 3024 5004 
136 429 2301 2765 3025 5005 
137 430 2302 2766 3026 5006 
138 431 2303 2767 3027 5007 
139 432 2304 2768 3028 5008 
140 433 2305 2769 3029 5009 
141 434 2306 2770 3030 5010 
142 435 2307 2771 3031 5011 
143 436 2308 2772 3032 5012 
144 437 2309 2773 3033 5013 
145 438 2310 2774 3034 5014 
146 439 2311 2775 3035 5015 
147 440 2312 2776 3036 5016 
148 441 2313 2777 3037 5017 
149 442 2314 2778 3038 5018 
150 443 2315 2779 3039 5019 
151 444 2316 2780 3040 5020 
152 445 2317 2781 3041 5021 
153 446 2318 2782 3042 5022 
154 447 2319 2783 3043 5023 
155 448 2320 2784 3044 5024 
156 449 2321 2785 3045 5025 
157 450 2322 2786 3046 5026 
158 451 2323 2787 3047 5027 
159 452 2324 2788 3048 5028 
160 453 2325 2789 3049 5029 
161 454 2326 2790 3050 5030 
162 455 2327 2791 3051 5031 
163 456 2328 2792 3052 5032 
164 457 2329 2793 3053 5033 
165 458 2330 2794 3054 5034 
166 459 2331 2795 3055 5035 
167 460 2332 2796 3056 5036 
168 461 2333 2797 3057 5037 
169 462 2334 2798 3058 5038 
170 463 2335 2799 3059 5039 
171 464 2336 2800 2805 5040 
172 465 2337 2801 2806 5041 
173 466 2338 2802 2807 5042 
174 467 2339 2803 2808 5043 
175 468 2340 2804 2809 5044 
176 469 2341 2550 2810 5045 
177 470 2342 2551 2811 5046 
178 471 2343 2552 2812 5047 
179 472 2344 2553 2813 5048 
180 473 2345 2554 2814 5049 
181 474 2346 2555 2815 5050 
182 475 2347 2556 2816 5051 
183 476 2348 2557 2817 5052 
184 477 2349 2558 2818 5053 
185 478 2350 2559 2819 5054 
186 479 2351 2560 2820 5055 
187 480 2352 2561 2821 5056 
188 481 2353 2562 2822 5057 
189 482 2354 2563 2823 5058 
190 483 2355 2564 2824 5059 
191 484 2356 2565 2825 5060 
192 485 2357 2566 2826 5061 
193 486 2358 2567 2827 5062 
194 487 2359 2568 2828 5063 
195 488 2360 2569 2829 5064 
196 489 2361 2570 2830 5065 
197 490 2362 2571 2831 5066 
198 491 2363 2572 2832 5067 
199 492 2364 2573 2833 5068 
200 493 2365 2574 2834 5069 
201 494 2366 2575 2835 5070 
202 495 2367 2576 2836 5071 
203 496 2368 2577 2837 5072 
204 497 2369 2578 2838 5073 
205 498 2370 2579 2839 5074 
206 499 2371 2580 2840 5075 
207 500 2372 2581 2841 5076 
208 501 2373 2582 2842 5077 
209 502 2374 2583 2843 5078 
210 503 2375 2584 2844 5079 
211 504 2376 2585 2845 5080 
212 505 2377 2586 2846 5081 
213 506 2378 2587 2847 5082 
214 507 2379 2588 2848 5083 
215 508 2380 2589 2849 5084 
216 509 2381 2590 2850 5085 
217 255 2382 2591 2851 5086 
218 256 2383 2592 2852 5087 
219 257 2384 2593 2853 5088 
220 258 2385 2594 2854 5089 
221 259 2386 2595 2855 5090 
222 260 2387 2596 2856 5091 
223 261 2388 2597 2857 5092 
224 262 2389 2598 2858 5093 
225 263 2390 2599 2859 5094 
226 264 2391 2600 2860 5095 
227 265 2392 2601 2861 5096 
228 266 2393 2602 2862 5097 
229 267 2394 2603 2863 5098 
230 268 2395 2604 2864 5099 
231 269 2396 2605 2865 4845 
232 270 2397 2606 2866 4846 
233 271 2398 2607 2867 4847 
234 272 2399 2608 2868 4848 
235 273 2400 2609 2869 4849 
236 274 2401 2610 2870 4850 
237 275 2402 2611 2871 4851 
238 276 2403 2612 2872 4852 
239 277 2404 2613 2873 4853 
240 278 2405 2614 2874 4854 
241 279 2406 2615 2875 4855 
242 280 2407 2616 2876 4856 
243 281 2408 2617 2877 4857 
244 282 2409 2618 2878 4858 
245 283 2410 2619 2879 4859 
246 284 2411 2620 2880 4860 
247 285 2412 2621 2881 4861 
248 286 2413 2622 2882 4862 
249 287 2414 2623 2883 4863 
250 288 2415 2624 2884 4864 
251 289 2416 2625 2885 4865 
252 290 2417 2626 2886 4866 
253 291 2418 2627 2887 4867 
254 292 2419 2628 2888 4868 
0 293 2420 2629 2889 4869 
1 294 2421 2630 2890 4870 
2 295 2422 2631 2891 4871 
3 296 2423 2632 2892 4872 
4 297 2424 2633 2893 4873 
5 298 2425 2634 2894 4874 
6 299 2426 2635 2895 4875 
7 300 2427 2636 2896 4876 
8 301 2428 2637 2897 4877 
9 302 2429 2638 2898 4878 
10 303 2430 2639 2899 4879 
11 304 2431 2640 2900 4880 
12 305 2432 2641 2901 4881 
13 306 2433 2642 2902 4882 
14 307 2434 2643 2903 4883 
15 308 2435 2644 2904 4884 
16 309 2436 2645 2905 4885 
17 310 2437 2646 2906 4886 
18 311 2438 2647 2907 4887 
19 312 2439 2648 2908 4888 
20 313 2440 2649 2909 4889 
21 314 2441 2650 2910 4890 
22 315 2442 2651 2911 4891 
23 316 2443 2652 2912 4892 
24 317 2444 2653 2913 4893 
25 318 2445 2654 2914 4894 
26 319 2446 2655 2915 4895 
27 320 2447 2656 2916 4896 
28 321 2448 2657 2917 4897 
29 322 2449 2658 2918 4898 
30 323 2450 2659 2919 4899 
31 324 2451 2660 2920 4900 
32 325 2452 2661 2921 4901 
33 326 2453 2662 2922 4902 
34 327 2454 2663 2923 4903 
35 328 2455 2664 2924 4904 
36 329 2456 2665 2925 4905 
37 330 2457 2666 2926 4906 
38 331 2458 2667 2927 4907 
39 332 2459 2668 2928 4908 
40 333 2460 2669 2929 4909 
41 334 2461 2670 2930 4910 
42 335 2462 2671 2931 4911 
43 336 2463 2672 2932 4912 
44 337 2464 2673 2933 4913 
45 338 2465 2674 2934 4914 
46 339 2466 2675 2935 4915 
47 340 2467 2676 2936 4916 
48 341 2468 2677 2937 4917 
49 342 2469 2678 2938 4918 
50 343 2470 2679 2939 4919 
51 344 2471 2680 2940 4920 
52 345 2472 2681 2941 4921 
53 346 2473 2682 2942 4922 
54 347 2474 2683 2943 4923 
55 348 2475 2684 2944 4924 
56 349 2476 2685 2945 4925 
57 350 2477 2686 2946 4926 
58 351 2478 2687 2947 4927 
59 352 2479 2688 2948 4928 
60 353 2480 2689 2949 4929 
61 354 2481 2690 2950 4930 
62 355 2482 2691 2951 4931 
63 356 2483 2692 2952 4932 
64 357 2484 2693 2953 4933 
65 358 2485 2694 2954 4934 
66 359 2486 2695 2955 4935 
67 360 2487 2696 2956 4936 
68 361 2488 2697 2957 4937 
69 362 2489 2698 2958 4938 
70 363 2490 2699 2959 4939 
71 364 2491 2700 2960 4940 
72 365 2492 2701 2961 4941 
73 366 2493 2702 2962 4942 
74 367 2494 2703 2963 4943 
198 330 623 2750 2959 3219 
199 331 624 2751 2960 3220 
200 332 625 2752 2961 3221 
201 333 626 2753 2962 3222 
202 334 627 2754 2963 3223 
203 335 628 2755 2964 3224 
204 336 629 2756 2965 3225 
205 337 630 2757 2966 3226 
206 338 631 2758 2967 3227 
207 339 632 2759 2968 3228 
208 340 633 2760 2969 3229 
209 341 634 2761 2970 3230 
210 342 635 2762 2971 3231 
211 343 636 2763 2972 3232 
212 344 637 2764 2973 3233 
213 345 638 2765 2974 3234 
214 346 639 2766 2975 3235 
215 347 640 2767 2976 3236 
216 348 641 2768 2977 3237 
217 349 642 2769 2978 3238 
218 350 643 2770 2979 3239 
219 351 644 2771 2980 3240 
220 352 645 2772 2981 3241 
221 353 646 2773 2982 3242 
222 354 647 2774 2983 3243 
223 355 648 2775 2984 3244 
224 356 649 2776 2985 3245 
225 357 650 2777 2986 3246 
226 358 651 2778 2987 3247 
227 359 652 2779 2988 3248 
228 360 653 2780 2989 3249 
229 361 654 2781 2990 3250 
230 362 655 2782 2991 3251 
231 363 656 2783 2992 3252 
232 364 657 2784 2993 3253 
233 365 658 2785 2994 3254 
234 366 659 2786 2995 3255 
235 367 660 2787 2996 3256 
236 368 661 2788 2997 3257 
237 369 662 2789 2998 3258 
238 370 663 2790 2999 3259 
239 371 664 2791 3000 3260 
240 372 665 2792 3001 3261 
241 373 666 2793 3002 3262 
242 374 667 2794 3003 3263 
243 375 668 2795 3004 3264 
244 376 669 2796 3005 3265 
245 377 670 2797 3006 3266 
246 378 671 2798 3007 3267 
247 379 672 2799 3008 3268 
248 380 673 2800 3009 3269 
249 381 674 2801 3010 3270 
250 382 675 2802 3011 3271 
251 383 676 2803 3012 3272 
252 384 677 2804 3013 3273 
253 385 678 2550 3014 3274 
254 386 679 2551 3015 3275 
0 387 680 2552 3016 3276 
1 388 681 2553 3017 3277 
2 389 682 2554 3018 3278 
3 390 683 2555 3019 3279 
4 391 684 2556 3020 3280 
5 392 685 2557 3021 3281 
6 393 686 2558 3022 3282 
7 394 687 2559 3023 3283 
8 395 688 2560 3024 3284 
9 396 689 2561 3025 3285 
10 397 690 2562 3026 3286 
11 398 691 2563 3027 3287 
12 399 692 2564 3028 3288 
13 400 693 2565 3029 3289 
14 401 694 2566 3030 3290 
15 402 695 2567 3031 3291 
16 403 696 2568 3032 3292 
17 404 697 2569 3033 3293 
18 405 698 2570 3034 3294 
19 406 699 2571 3035 3295 
20 407 700 2572 3036 3296 
21 408 701 2573 3037 3297 
22 409 702 2574 3038 3298 
23 410 703 2575 3039 3299 
24 411 704 2576 3040 3300 
25 412 705 2577 3041 3301 
26 413 706 2578 3042 3302 
27 414 707 2579 3043 3303 
28 415 708 2580 3044 3304 
29 416 709 2581 3045 3305 
30 417 710 2582 3046 3306 
31 418 711 2583 3047 3307 
32 419 712 2584 3048 3308 
33 420 713 2585 3049 3309 
34 421 714 2586 3050 3310 
35 422 715 2587 3051 3311 
36 423 716 2588 3052 3312 
37 424 717 2589 3053 3313 
38 425 718 2590 3054 3314 
39 426 719 2591 3055 3060 
40 427 720 2592 3056 3061 
41 428 721 2593 3057 3062 
42 429 722 2594 3058 3063 
43 430 723 2595 3059 3064 
44 431 724 2596 2805 3065 
45 432 725 2597 2806 3066 
46 433 726 2598 2807 3067 
47 434 727 2599 2808 3068 
48 435 728 2600 2809 3069 
49 436 729 2601 2810 3070 
50 437 730 2602 2811 3071 
51 438 731 2603 2812 3072 
52 439 732 2604 2813 3073 
53 440 733 2605 2814 3074 
54 441 734 2606 2815 3075 
55 442 735 2607 2816 3076 
56 443 736 2608 2817 3077 
57 444 737 2609 2818 3078 
58 445 738 2610 2819 3079 
59 446 739 2611 2820 3080 
60 447 740 2612 2821 3081 
61 448 741 2613 2822 3082 
62 449 742 2614 2823 3083 
63 450 743 2615 2824 3084 
64 451 744 2616 2825 3085 
65 452 745 2617 2826 3086 
66 453 746 2618 2827 3087 
67 454 747 2619 2828 3088 
68 455 748 2620 2829 3089 
69 456 749 2621 2830 3090 
70 457 750 2622 2831 3091 
71 458 751 2623 2832 3092 
72 459 752 2624 2833 3093 
73 460 753 2625 2834 3094 
74 461 754 2626 2835 3095 
75 462 755 2627 2836 3096 
76 463 756 2628 2837 3097 
77 464 757 2629 2838 3098 
78 465 758 2630 2839 3099 
79 466 759 2631 2840 3100 
80 467 760 2632 2841 3101 
81 468 761 2633 2842 3102 
82 469 762 2634 2843 3103 
83 470 763 2635 2844 3104 
84 471 764 2636 2845 3105 
85 472 510 2637 2846 3106 
86 473 511 2638 2847 3107 
87 474 512 2639 2848 3108 
88 475 513 2640 2849 3109 
89 476 514 2641 2850 3110 
90 477 515 2642 2851 3111 
91 478 516 2643 2852 3112 
92 479 517 2644 2853 3113 
93 480 518 2645 2854 3114 
94 481 519 2646 2855 3115 
95 482 520 2647 2856 3116 
96 483 521 2648 2857 3117 
97 484 522 2649 2858 3118 
98 485 523 2650 2859 3119 
99 486 524 2651 2860 3120 
100 487 525 2652 2861 3121 
101 488 526 2653 2862 3122 
102 489 527 2654 2863 3123 
103 490 528 2655 2864 3124 
104 491 529 2656 2865 3125 
105 492 530 2657 2866 3126 
106 493 531 2658 2867 3127 
107 494 532 2659 2868 3128 
108 495 533 2660 2869 3129 
109 496 534 2661 2870 3130 
110 497 535 2662 2871 3131 
111 498 536 2663 2872 3132 
112 499 537 2664 2873 3133 
113 500 538 2665 2874 3134 
114 501 539 2666 2875 3135 
115 502 540 2667 2876 3136 
116 503 541 2668 2877 3137 
117 504 542 2669 2878 3138 
118 505 543 2670 2879 3139 
119 506 544 2671 2880 3140 
120 507 545 2672 2881 3141 
121 508 546 2673 2882 3142 
122 509 547 2674 2883 3143 
123 255 548 2675 2884 3144 
124 256 549 2676 2885 3145 
125 257 550 2677 2886 3146 
126 258 551 2678 2887 3147 
127 259 552 2679 2888 3148 
128 260 553 2680 2889 3149 
129 261 554 2681 2890 3150 
130 262 555 2682 2891 3151 
131 263 556 2683 2892 3152 
132 264 557 2684 2893 3153 
133 265 558 2685 2894 3154 
134 266 559 2686 2895 3155 
135 267 560 2687 2896 3156 
136 268 561 2688 2897 3157 
137 269 562 2689 2898 3158 
138 270 563 2690 2899 3159 
139 271 564 2691 2900 3160 
140 272 565 2692 2901 3161 
141 273 566 2693 2902 3162 
142 274 567 2694 2903 3163 
143 275 568 2695 2904 3164 
144 276 569 2696 2905 3165 
145 277 570 2697 2906 3166 
146 278 571 2698 2907 3167 
147 279 572 2699 2908 3168 
148 280 573 2700 2909 3169 
149 281 574 2701 2910 3170 
150 282 575 2702 2911 3171 
151 283 576 2703 2912 3172 
152 284 577 2704 2913 3173 
153 285 578 2705 2914 3174 
154 286 579 2706 2915 3175 
155 287 580 2707 2916 3176 
156 288 581 2708 2917 3177 
157 289 582 2709 2918 3178 
158 290 583 2710 2919 3179 
159 291 584 2711 2920 3180 
160 292 585 2712 2921 3181 
161 293 586 2713 2922 3182 
162 294 587 2714 2923 3183 
163 295 588 2715 2924 3184 
164 296 589 2716 2925 3185 
165 297 590 2717 2926 3186 
166 298 591 2718 2927 3187 
167 299 592 2719 2928 3188 
168 300 593 2720 2929 3189 
169 301 594 2721 2930 3190 
170 302 595 2722 2931 3191 
171 303 596 2723 2932 3192 
172 304 597 2724 2933 3193 
173 305 598 2725 2934 3194 
174 306 599 2726 2935 3195 
175 307 600 2727 2936 3196 
176 308 601 2728 2937 3197 
177 309 602 2729 2938 3198 
178 310 603 2730 2939 3199 
179 311 604 2731 2940 3200 
180 312 605 2732 2941 3201 
181 313 606 2733 2942 3202 
182 314 607 2734 2943 3203 
183 315 608 2735 2944 3204 
184 316 609 2736 2945 3205 
185 317 610 2737 2946 3206 
186 318 611 2738 2947 3207 
187 319 612 2739 2948 3208 
188 320 613 2740 2949 3209 
189 321 614 2741 2950 3210 
190 322 615 2742 2951 3211 
191 323 616 2743 2952 3212 
192 324 617 2744 2953 3213 
193 325 618 2745 2954 3214 
194 326 619 2746 2955 3215 
195 327 620 2747 2956 3216 
196 328 621 2748 2957 3217 
197 329 622 2749 2958 3218 
453 585 878 3005 3214 3474 
454 586 879 3006 3215 3475 
455 587 880 3007 3216 3476 
456 588 881 3008 3217 3477 
457 589 882 3009 3218 3478 
458 590 883 3010 3219 3479 
459 591 884 3011 3220 3480 
460 592 885 3012 3221 3481 
461 593 886 3013 3222 3482 
462 594 887 3014 3223 3483 
463 595 888 3015 3224 3484 
464 596 889 3016 3225 3485 
465 597 890 3017 3226 3486 
466 598 891 3018 3227 3487 
467 599 892 3019 3228 3488 
468 600 893 3020 3229 3489 
469 601 894 3021 3230 3490 
470 602 895 3022 3231 3491 
471 603 896 3023 3232 3492 
472 604 897 3024 3233 3493 
473 605 898 3025 3234 3494 
474 606 899 3026 3235 3495 
475 607 900 3027 3236 3496 
476 608 901 3028 3237 3497 
477 609 902 3029 3238 3498 
478 610 903 3030 3239 3499 
479 611 904 3031 3240 3500 
480 612 905 3032 3241 3501 
481 613 906 3033 3242 3502 
482 614 907 3034 3243 3503 
483 615 908 3035 3244 3504 
484 616 909 3036 3245 3505 
485 617 910 3037 3246 3506 
486 618 911 3038 3247 3507 
487 619 912 3039 3248 3508 
488 620 913 3040 3249 3509 
489 621 914 3041 3250 3510 
490 622 915 3042 3251 3511 
491 623 916 3043 3252 3512 
492 624 917 3044 3253 3513 
493 625 918 3045 3254 3514 
494 626 919 3046 3255 3515 
495 627 920 3047 3256 3516 
496 628 921 3048 3257 3517 
497 629 922 3049 3258 3518 
498 630 923 3050 3259 3519 
499 631 924 3051 3260 3520 
500 632 925 3052 3261 3521 
501 633 926 3053 3262 3522 
502 634 927 3054 3263 3523 
503 635 928 3055 3264 3524 
504 636 929 3056 3265 3525 
505 637 930 3057 3266 3526 
506 638 931 3058 3267 3527 
507 639 932 3059 3268 3528 
508 640 933 2805 3269 3529 
509 641 934 2806 3270 3530 
255 642 935 2807 3271 3531 
256 643 936 2808 3272 3532 
257 644 937 2809 3273 3533 
258 645 938 2810 3274 3534 
259 646 939 2811 3275 3535 
260 647 940 2812 3276 3536 
261 648 941 2813 3277 3537 
262 649 942 2814 3278 3538 
263 650 943 2815 3279 3539 
264 651 944 2816 3280 3540 
265 652 945 2817 3281 3541 
266 653 946 2818 3282 3542 
267 654 947 2819 3283 3543 
268 655 948 2820 3284 3544 
269 656 949 2821 3285 3545 
270 657 950 2822 3286 3546 
271 658 951 2823 3287 3547 
272 659 952 2824 3288 3548 
273 660 953 2825 3289 3549 
274 661 954 2826 3290 3550 
275 662 955 2827 3291 3551 
276 663 956 2828 3292 3552 
277 664 957 2829 3293 3553 
278 665 958 2830 3294 3554 
279 666 959 2831 3295 3555 
280 667 960 2832 3296 3556 
281 668 961 2833 3297 3557 
282 669 962 2834 3298 3558 
283 670 963 2835 3299 3559 
284 671 964 2836 3300 3560 
285 672 965 2837 3301 3561 
286 673 966 2838 3302 3562 
287 674 967 2839 3303 3563 
288 675 968 2840 3304 3564 
289 676 969 2841 3305 3565 
290 677 970 2842 3306 3566 
291 678 971 2843 3307 3567 
292 679 972 2844 3308 3568 
293 680 973 2845 3309 3569 
294 681 974 2846 3310 3315 
295 682 975 2847 3311 3316 
296 683 976 2848 3312 3317 
297 684 977 2849 3313 3318 
298 685 978 2850 3314 3319 
299 686 979 2851 3060 3320 
300 687 980 2852 3061 3321 
301 688 981 2853 3062 3322 
302 689 982 2854 3063 3323 
303 690 983 2855 3064 3324 
304 691 984 2856 3065 3325 
305 692 985 2857 3066 3326 
306 693 986 2858 3067 3327 
307 694 987 2859 3068 3328 
308 695 988 2860 3069 3329 
309 696 989 2861 3070 3330 
310 697 990 2862 3071 3331 
311 698 991 2863 3072 3332 
312 699 992 2864 3073 3333 
313 700 993 2865 3074 3334 
314 701 994 2866 3075 3335 
315 702 995 2867 3076 3336 
316 703 996 2868 3077 3337 
317 704 997 2869 3078 3338 
318 705 998 2870 3079 3339 
319 706 999 2871 3080 3340 
320 707 1000 2872 3081 3341 
321 708 1001 2873 3082 3342 
322 709 1002 2874 3083 3343 
323 710 1003 2875 3084 3344 
324 711 1004 2876 3085 3345 
325 712 1005 2877 3086 3346 
326 713 1006 2878 3087 3347 
327 714 1007 2879 3088 3348 
328 715 1008 2880 3089 3349 
329 716 1009 2881 3090 3350 
330 717 1010 2882 3091 3351 
331 718 1011 2883 3092 3352 
332 719 1012 2884 3093 3353 
333 720 1013 2885 3094 3354 
334 721 1014 2886 3095 3355 
335 722 1015 2887 3096 3356 
336 723 1016 2888 3097 3357 
337 724 1017 2889 3098 3358 
338 725 1018 2890 3099 3359 
339 726 1019 2891 3100 3360 
340 727 765 2892 3101 3361 
341 728 766 2893 3102 3362 
342 729 767 2894 3103 3363 
343 730 768 2895 3104 3364 
344 731 769 2896 3105 3365 
345 732 770 2897 3106 3366 
346 733 771 2898 3107 3367 
347 734 772 2899 3108 3368 
348 735 773 2900 3109 3369 
349 736 774 2901 3110 3370 
350 737 775 2902 3111 3371 
351 738 776 2903 3112 3372 
352 739 777 2904 3113 3373 
353 740 778 2905 3114 3374 
354 741 779 2906 3115 3375 
355 742 780 2907 3116 3376 
356 743 781 2908 3117 3377 
357 744 782 2909 3118 3378 
358 745 783 2910 3119 3379 
359 746 784 2911 3120 3380 
360 747 785 2912 3121 3381 
361 748 786 2913 3122 3382 
362 749 787 2914 3123 3383 
363 750 788 2915 3124 3384 
364 751 789 2916 3125 3385 
365 752 790 2917 3126 3386 
366 753 791 2918 3127 3387 
367 754 792 2919 3128 3388 
368 755 793 2920 3129 3389 
369 756 794 2921 3130 3390 
370 757 795 2922 3131 3391 
371 758 796 2923 3132 3392 
372 759 797 2924 3133 3393 
373 760 798 2925 3134 3394 
374 761 799 2926 3135 3395 
375 762 800 2927 3136 3396 
376 763 801 2928 3137 3397 
377 764 802 2929 3138 3398 
378 510 803 2930 3139 3399 
379 511 804 2931 3140 3400 
380 512 805 2932 3141 3401 
381 513 806 2933 3142 3402 
382 514 807 2934 3143 3403 
383 515 808 2935 3144 3404 
384 516 809 2936 3145 3405 
385 517 810 2937 3146 3406 
386 518 811 2938 3147 3407 
387 519 812 2939 3148 3408 
388 520 813 2940 3149 3409 
389 521 814 2941 3150 3410 
390 522 815 2942 3151 3411 
391 523 816 2943 3152 3412 
392 524 817 2944 3153 3413 
393 525 818 2945 3154 3414 
394 526 819 2946 3155 3415 
395 527 820 2947 3156 3416 
396 528 821 2948 3157 3417 
397 529 822 2949 3158 3418 
398 530 823 2950 3159 3419 
399 531 824 2951 3160 3420 
400 532 825 2952 3161 3421 
401 533 826 2953 3162 3422 
402 534 827 2954 3163 3423 
403 535 828 2955 3164 3424 
404 536 829 2956 3165 3425 
405 537 830 2957 3166 3426 
406 538 831 2958 3167 3427 
407 539 832 2959 3168 3428 
408 540 833 2960 3169 3429 
409 541 834 2961 3170 3430 
410 542 835 2962 3171 3431 
411 543 836 2963 3172 3432 
412 544 837 2964 3173 3433 
413 545 838 2965 3174 3434 
414 546 839 2966 3175 3435 
415 547 840 2967 3176 3436 
416 548 841 2968 3177 3437 
417 549 842 2969 3178 3438 
418 550 843 2970 3179 3439 
419 551 844 2971 3180 3440 
420 552 845 2972 3181 3441 
421 553 846 2973 3182 3442 
422 554 847 2974 3183 3443 
423 555 848 2975 3184 3444 
424 556 849 2976 3185 3445 
425 557 850 2977 3186 3446 
426 558 851 2978 3187 3447 
427 559 852 2979 3188 3448 
428 560 853 2980 3189 3449 
429 561 854 2981 3190 3450 
430 562 855 2982 3191 3451 
431 563 856 2983 3192 3452 
432 564 857 2984 3193 3453 
433 565 858 2985 3194 3454 
434 566 859 2986 3195 3455 
435 567 860 2987 3196 3456 
436 568 861 2988 3197 3457 
437 569 862 2989 3198 3458 
438 570 863 2990 3199 3459 
439 571 864 2991 3200 3460 
440 572 865 2992 3201 3461 
441 573 866 2993 3202 3462 
442 574 867 2994 3203 3463 
443 575 868 2995 3204 3464 
444 576 869 2996 3205 3465 
445 577 870 2997 3206 3466 
446 578 871 2998 3207 3467 
447 579 872 2999 3208 3468 
448 580 873 3000 3209 3469 
449 581 874 3001 3210 3470 
450 582 875 3002 3211 3471 
451 583 876 3003 3212 3472 
452 584 877 3004 3213 3473 
708 840 1133 3260 3469 3729 
709 841 1134 3261 3470 3730 
710 842 1135 3262 3471 3731 
711 843 1136 3263 3472 3732 
712 844 1137 3264 3473 3733 
713 845 1138 3265 3474 3734 
714 846 1139 3266 3475 3735 
715 847 1140 3267 3476 3736 
716 848 1141 3268 3477 3737 
717 849 1142 3269 3478 3738 
718 850 1143 3270 3479 3739 
719 851 1144 3271 3480 3740 
720 852 1145 3272 3481 3741 
721 853 1146 3273 3482 3742 
722 854 1147 3274 3483 3743 
723 855 1148 3275 3484 3744 
724 856 1149 3276 3485 3745 
725 857 1150 3277 3486 3746 
726 858 1151 3278 3487 3747 
727 859 1152 3279 3488 3748 
728 860 1153 3280 3489 3749 
729 861 1154 3281 3490 3750 
730 862 1155 3282 3491 3751 
731 863 1156 3283 3492 3752 
732 864 1157 3284 3493 3753 
733 865 1158 3285 3494 3754 
734 866 1159 3286 3495 3755 
735 867 1160 3287 3496 3756 
736 868 1161 3288 3497 3757 
737 869 1162 3289 3498 3758 
738 870 1163 3290 3499 3759 
739 871 1164 3291 3500 3760 
740 872 1165 3292 3501 3761 
741 873 1166 3293 3502 3762 
742 874 1167 3294 3503 3763 
743 875 1168 3295 3504 3764 
744 876 1169 3296 3505 3765 
745 877 1170 3297 3506 3766 
746 878 1171 3298 3507 3767 
747 879 1172 3299 3508 3768 
748 880 1173 3300 3509 3769 
749 881 1174 3301 3510 3770 
750 882 1175 3302 3511 3771 
751 883 1176 3303 3512 3772 
752 884 1177 3304 3513 3773 
753 885 1178 3305 3514 3774 
754 886 1179 3306 3515 3775 
755 887 1180 3307 3516 3776 
756 888 1181 3308 3517 3777 
757 889 1182 3309 3518 3778 
758 890 1183 3310 3519 3779 
759 891 1184 3311 3520 3780 
760 892 1185 3312 3521 3781 
761 893 1186 3313 3522 3782 
762 894 1187 3314 3523 3783 
763 895 1188 3060 3524 3784 
764 896 1189 3061 3525 3785 
510 897 1190 3062 3526 3786 
511 898 1191 3063 3527 3787 
512 899 1192 3064 3528 3788 
513 900 1193 3065 3529 3789 
514 901 1194 3066 3530 3790 
515 902 1195 3067 3531 3791 
516 903 1196 3068 3532 3792 
517 904 1197 3069 3533 3793 
518 905 1198 3070 3534 3794 
519 906 1199 3071 3535 3795 
520 907 1200 3072 3536 3796 
521 908 1201 3073 3537 3797 
522 909 1202 3074 3538 3798 
523 910 1203 3075 3539 3799 
524 911 1204 3076 3540 3800 
525 912 1205 3077 3541 3801 
526 913 1206 3078 3542 3802 
527 914 1207 3079 3543 3803 
528 915 1208 3080 3544 3804 
529 916 1209 3081 3545 3805 
530 917 1210 3082 3546 3806 
531 918 1211 3083 3547 3807 
532 919 1212 3084 3548 3808 
533 920 1213 3085 3549 3809 
534 921 1214 3086 3550 3810 
535 922 1215 3087 3551 3811 
536 923 1216 3088 3552 3812 
537 924 1217 3089 3553 3813 
538 925 1218 3090 3554 3814 
539 926 1219 3091 3555 3815 
540 927 1220 3092 3556 3816 
541 928 1221 3093 3557 3817 
542 929 1222 3094 3558 3818 
543 930 1223 3095 3559 3819 
544 931 1224 3096 3560 3820 
545 932 1225 3097 3561 3821 
546 933 1226 3098 3562 3822 
547 934 1227 3099 3563 3823 
548 935 1228 3100 3564 3824 
549 936 1229 3101 3565 3570 
550 937 1230 3102 3566 3571 
551 938 1231 3103 3567 3572 
552 939 1232 3104 3568 3573 
553 940 1233 3105 3569 3574 
554 941 1234 3106 3315 3575 
555 942 1235 3107 3316 3576 
556 943 1236 3108 3317 3577 
557 944 1237 3109 3318 3578 
558 945 1238 3110 3319 3579 
559 946 1239 3111 3320 3580 
560 947 1240 3112 3321 3581 
561 948 1241 3113 3322 3582 
562 949 1242 3114 3323 3583 
563 950 1243 3115 3324 3584 
564 951 1244 3116 3325 3585 
565 952 1245 3117 3326 3586 
566 953 1246 3118 3327 3587 
567 954 1247 3119 3328 3588 
568 955 1248 3120 3329 3589 
569 956 1249 3121 3330 3590 
570 957 1250 3122 3331 3591 
571 958 1251 3123 3332 3592 
572 959 1252 3124 3333 3593 
573 960 1253 3125 3334 3594 
574 961 1254 3126 3335 3595 
575 962 1255 3127 3336 3596 
576 963 1256 3128 3337 3597 
577 964 1257 3129 3338 3598 
578 965 1258 3130 3339 3599 
579 966 1259 3131 3340 3600 
580 967 1260 3132 3341 3601 
581 968 1261 3133 3342 3602 
582 969 1262 3134 3343 3603 
583 970 1263 3135 3344 3604 
584 971 1264 3136 3345 3605 
585 972 1265 3137 3346 3606 
586 973 1266 3138 3347 3607 
587 974 1267 3139 3348 3608 
588 975 1268 3140 3349 3609 
589 976 1269 3141 3350 3610 
590 977 1270 3142 3351 3611 
591 978 1271 3143 3352 3612 
592 979 1272 3144 3353 3613 
593 980 1273 3145 3354 3614 
594 981 1274 3146 3355 3615 
595 982 1020 3147 3356 3616 
596 983 1021 3148 3357 3617 
597 984 1022 3149 3358 3618 
598 985 1023 3150 3359 3619 
599 986 1024 3151 3360 3620 
600 987 1025 3152 3361 3621 
601 988 1026 3153 3362 3622 
602 989 1027 3154 3363 3623 
603 990 1028 3155 3364 3624 
604 991 1029 3156 3365 3625 
605 992 1030 3157 3366 3626 
606 993 1031 3158 3367 3627 
607 994 1032 3159 3368 3628 
608 995 1033 3160 3369 3629 
609 996 1034 3161 3370 3630 
610 997 1035 3162 3371 3631 
611 998 1036 3163 3372 3632 
612 999 1037 3164 3373 3633 
613 1000 1038 3165 3374 3634 
614 1001 1039 3166 3375 3635 
615 1002 1040 3167 3376 3636 
616 1003 1041 3168 3377 3637 
617 1004 1042 3169 3378 3638 
618 1005 1043 3170 3379 3639 
619 1006 1044 3171 3380 3640 
620 1007 1045 3172 3381 3641 
621 1008 1046 3173 3382 3642 
622 1009 1047 3174 3383 3643 
623 1010 1048 3175 3384 3644 
624 1011 1049 3176 3385 3645 
625 1012 1050 3177 3386 3646 
626 1013 1051 3178 3387 3647 
627 1014 1052 3179 3388 3648 
628 1015 1053 3180 3389 3649 
629 1016 1054 3181 3390 3650 
630 1017 1055 3182 3391 3651 
631 1018 1056 3183 3392 3652 
632 1019 1057 3184 3393 3653 
633 765 1058 3185 3394 3654 
634 766 1059 3186 3395 3655 
635 767 1060 3187 3396 3656 
636 768 1061 3188 3397 3657 
637 769 1062 3189 3398 3658 
638 770 1063 3190 3399 3659 
639 771 1064 3191 3400 3660 
640 772 1065 3192 3401 3661 
641 773 1066 3193 3402 3662 
642 774 1067 3194 3403 3663 
643 775 1068 3195 3404 3664 
644 776 1069 3196 3405 3665 
645 777 1070 3197 3406 3666 
646 778 1071 3198 3407 3667 
647 779 1072 3199 3408 3668 
648 780 1073 3200 3409 3669 
649 781 1074 3201 3410 3670 
650 782 1075 3202 3411 3671 
651 783 1076 3203 3412 3672 
652 784 1077 3204 3413 3673 
653 785 1078 3205 3414 3674 
654 786 1079 3206 3415 3675 
655 787 1080 3207 3416 3676 
656 788 1081 3208 3417 3677 
657 789 1082 3209 3418 3678 
658 790 1083 3210 3419 3679 
659 791 1084 3211 3420 3680 
660 792 1085 3212 3421 3681 
661 793 1086 3213 3422 3682 
662 794 1087 3214 3423 3683 
663 795 1088 3215 3424 3684 
664 796 1089 3216 3425 3685 
665 797 1090 3217 3426 3686 
666 798 1091 3218 3427 3687 
667 799 1092 3219 3428 3688 
668 800 1093 3220 3429 3689 
669 801 1094 3221 3430 3690 
670 802 1095 3222 3431 3691 
671 803 1096 3223 3432 3692 
672 804 1097 3224 3433 3693 
673 805 1098 3225 3434 3694 
674 806 1099 3226 3435 3695 
675 807 1100 3227 3436 3696 
676 808 1101 3228 3437 3697 
677 809 1102 3229 3438 3698 
678 810 1103 3230 3439 3699 
679 811 1104 3231 3440 3700 
680 812 1105 3232 3441 3701 
681 813 1106 3233 3442 3702 
682 814 1107 3234 3443 3703 
683 815 1108 3235 3444 3704 
684 816 1109 3236 3445 3705 
685 817 1110 3237 3446 3706 
686 818 1111 3238 3447 3707 
687 819 1112 3239 3448 3708 
688 820 1113 3240 3449 3709 
689 821 1114 3241 3450 3710 
690 822 1115 3242 3451 3711 
691 823 1116 3243 3452 3712 
692 824 1117 3244 3453 3713 
693 825 1118 3245 3454 3714 
694 826 1119 3246 3455 3715 
695 827 1120 3247 3456 3716 
696 828 1121 3248 3457 3717 
697 829 1122 3249 3458 3718 
698 830 1123 3250 3459 3719 
699 831 1124 3251 3460 3720 
700 832 1125 3252 3461 3721 
701 833 1126 3253 3462 3722 
702 834 1127 3254 3463 3723 
703 835 1128 3255 3464 3724 
704 836 1129 3256 3465 3725 
705 837 1130 3257 3466 3726 
706 838 1131 3258 3467 3727 
707 839 1132 3259 3468 3728 
965 1174 1388 3414 3794 3984 
966 1175 1389 3415 3795 3985 
967 1176 1390 3416 3796 3986 
968 1177 1391 3417 3797 3987 
969 1178 1392 3418 3798 3988 
970 1179 1393 3419 3799 3989 
971 1180 1394 3420 3800 3990 
972 1181 1395 3421 3801 3991 
973 1182 1396 3422 3802 3992 
974 1183 1397 3423 3803 3993 
975 1184 1398 3424 3804 3994 
976 1185 1399 3425 3805 3995 
977 1186 1400 3426 3806 3996 
978 1187 1401 3427 3807 3997 
979 1188 1402 3428 3808 3998 
980 1189 1403 3429 3809 3999 
981 1190 1404 3430 3810 4000 
982 1191 1405 3431 3811 4001 
983 1192 1406 3432 3812 4002 
984 1193 1407 3433 3813 4003 
985 1194 1408 3434 3814 4004 
986 1195 1409 3435 3815 4005 
987 1196 1410 3436 3816 4006 
988 1197 1411 3437 3817 4007 
989 1198 1412 3438 3818 4008 
990 1199 1413 3439 3819 4009 
991 1200 1414 3440 3820 4010 
992 1201 1415 3441 3821 4011 
993 1202 1416 3442 3822 4012 
994 1203 1417 3443 3823 4013 
995 1204 1418 3444 3824 4014 
996 1205 1419 3445 3570 4015 
997 1206 1420 3446 3571 4016 
998 1207 1421 3447 3572 4017 
999 1208 1422 3448 3573 4018 
1000 1209 1423 3449 3574 4019 
1001 1210 1424 3450 3575 4020 
1002 1211 1425 3451 3576 4021 
1003 1212 1426 3452 3577 4022 
1004 1213 1427 3453 3578 4023 
1005 1214 1428 3454 3579 4024 
1006 1215 1429 3455 3580 4025 
1007 1216 1430 3456 3581 4026 
1008 1217 1431 3457 3582 4027 
1009 1218 1432 3458 3583 4028 
1010 1219 1433 3459 3584 4029 
1011 1220 1434 3460 3585 4030 
1012 1221 1435 3461 3586 4031 
1013 1222 1436 3462 3587 4032 
1014 1223 1437 3463 3588 4033 
1015 1224 1438 3464 3589 4034 
1016 1225 1439 3465 3590 4035 
1017 1226 1440 3466 3591 4036 
1018 1227 1441 3467 3592 4037 
1019 1228 1442 3468 3593 4038 
765 1229 1443 3469 3594 4039 
766 1230 1444 3470 3595 4040 
767 1231 1445 3471 3596 4041 
768 1232 1446 3472 3597 4042 
769 1233 1447 3473 3598 4043 
770 1234 1448 3474 3599 4044 
771 1235 1449 3475 3600 4045 
772 1236 1450 3476 3601 4046 
773 1237 1451 3477 3602 4047 
774 1238 1452 3478 3603 4048 
775 1239 1453 3479 3604 4049 
776 1240 1454 3480 3605 4050 
777 1241 1455 3481 3606 4051 
778 1242 1456 3482 3607 4052 
779 1243 1457 3483 3608 4053 
780 1244 1458 3484 3609 4054 
781 1245 1459 3485 3610 4055 
782 1246 1460 3486 3611 4056 
783 1247 1461 3487 3612 4057 
784 1248 1462 3488 3613 4058 
785 1249 1463 3489 3614 4059 
786 1250 1464 3490 3615 4060 
787 1251 1465 3491 3616 4061 
788 1252 1466 3492 3617 4062 
789 1253 1467 3493 3618 4063 
790 1254 1468 3494 3619 4064 
791 1255 1469 3495 3620 4065 
792 1256 1470 3496 3621 4066 
793 1257 1471 3497 3622 4067 
794 1258 1472 3498 3623 4068 
795 1259 1473 3499 3624 4069 
796 1260 1474 3500 3625 4070 
797 1261 1475 3501 3626 4071 
798 1262 1476 3502 3627 4072 
799 1263 1477 3503 3628 4073 
800 1264 1478 3504 3629 4074 
801 1265 1479 3505 3630 4075 
802 1266 1480 3506 3631 4076 
803 1267 1481 3507 3632 4077 
804 1268 1482 3508 3633 4078 
805 1269 1483 3509 3634 4079 
806 1270 1484 3510 3635 3825 
807 1271 1485 3511 3636 3826 
808 1272 1486 3512 3637 3827 
809 1273 1487 3513 3638 3828 
810 1274 1488 3514 3639 3829 
811 1020 1489 3515 3640 3830 
812 1021 1490 3516 3641 3831 
813 1022 1491 3517 3642 3832 
814 1023 1492 3518 3643 3833 
815 1024 1493 3519 3644 3834 
816 1025 1494 3520 3645 3835 
817 1026 1495 3521 3646 3836 
818 1027 1496 3522 3647 3837 
819 1028 1497 3523 3648 3838 
820 1029 1498 3524 3649 3839 
821 1030 1499 3525 3650 3840 
822 1031 1500 3526 3651 3841 
823 1032 1501 3527 3652 3842 
824 1033 1502 3528 3653 3843 
825 1034 1503 3529 3654 3844 
826 1035 1504 3530 3655 3845 
827 1036 1505 3531 3656 3846 
828 1037 1506 3532 3657 3847 
829 1038 1507 3533 3658 3848 
830 1039 1508 3534 3659 3849 
831 1040 1509 3535 3660 3850 
832 1041 1510 3536 3661 3851 
833 1042 1511 3537 3662 3852 
834 1043 1512 3538 3663 3853 
835 1044 1513 3539 3664 3854 
836 1045 1514 3540 3665 3855 
837 1046 1515 3541 3666 3856 
838 1047 1516 3542 3667 3857 
839 1048 1517 3543 3668 3858 
840 1049 1518 3544 3669 3859 
841 1050 1519 3545 3670 3860 
842 1051 1520 3546 3671 3861 
843 1052 1521 3547 3672 3862 
844 1053 1522 3548 3673 3863 
845 1054 1523 3549 3674 3864 
846 1055 1524 3550 3675 3865 
847 1056 1525 3551 3676 3866 
848 1057 1526 3552 3677 3867 
849 1058 1527 3553 3678 3868 
850 1059 1528 3554 3679 3869 
851 1060 1529 3555 3680 3870 
852 1061 1275 3556 3681 3871 
853 1062 1276 3557 3682 3872 
854 1063 1277 3558 3683 3873 
855 1064 1278 3559 3684 3874 
856 1065 1279 3560 3685 3875 
857 1066 1280 3561 3686 3876 
858 1067 1281 3562 3687 3877 
859 1068 1282 3563 3688 3878 
860 1069 1283 3564 3689 3879 
861 1070 1284 3565 3690 3880 
862 1071 1285 3566 3691 3881 
863 1072 1286 3567 3692 3882 
864 1073 1287 3568 3693 3883 
865 1074 1288 3569 3694 3884 
866 1075 1289 3315 3695 3885 
867 1076 1290 3316 3696 3886 
868 1077 1291 3317 3697 3887 
869 1078 1292 3318 3698 3888 
870 1079 1293 3319 3699 3889 
871 1080 1294 3320 3700 3890 
872 1081 1295 3321 3701 3891 
873 1082 1296 3322 3702 3892 
874 1083 1297 3323 3703 3893 
875 1084 1298 3324 3704 3894 
876 1085 1299 3325 3705 3895 
877 1086 1300 3326 3706 3896 
878 1087 1301 3327 3707 3897 
879 1088 1302 3328 3708 3898 
880 1089 1303 3329 3709 3899 
881 1090 1304 3330 3710 3900 
882 1091 1305 3331 3711 3901 
883 1092 1306 3332 3712 3902 
884 1093 1307 3333 3713 3903 
885 1094 1308 3334 3714 3904 
886 1095 1309 3335 3715 3905 
887 1096 1310 3336 3716 3906 
888 1097 1311 3337 3717 3907 
889 1098 1312 3338 3718 3908 
890 1099 1313 3339 3719 3909 
891 1100 1314 3340 3720 3910 
892 1101 1315 3341 3721 3911 
893 1102 1316 3342 3722 3912 
894 1103 1317 3343 3723 3913 
895 1104 1318 3344 3724 3914 
896 1105 1319 3345 3725 3915 
897 1106 1320 3346 3726 3916 
898 1107 1321 3347 3727 3917 
899 1108 1322 3348 3728 3918 
900 1109 1323 3349 3729 3919 
901 1110 1324 3350 3730 3920 
902 1111 1325 3351 3731 3921 
903 1112 1326 3352 3732 3922 
904 1113 1327 3353 3733 3923 
905 1114 1328 3354 3734 3924 
906 1115 1329 3355 3735 3925 
907 1116 1330 3356 3736 3926 
908 1117 1331 3357 3737 3927 
909 1118 1332 3358 3738 3928 
910 1119 1333 3359 3739 3929 
911 1120 1334 3360 3740 3930 
912 1121 1335 3361 3741 3931 
913 1122 1336 3362 3742 3932 
914 1123 1337 3363 3743 3933 
915 1124 1338 3364 3744 3934 
916 1125 1339 3365 3745 3935 
917 1126 1340 3366 3746 3936 
918 1127 1341 3367 3747 3937 
919 1128 1342 3368 3748 3938 
920 1129 1343 3369 3749 3939 
921 1130 1344 3370 3750 3940 
922 1131 1345 3371 3751 3941 
923 1132 1346 3372 3752 3942 
924 1133 1347 3373 3753 3943 
925 1134 1348 3374 3754 3944 
926 1135 1349 3375 3755 3945 
927 1136 1350 3376 3756 3946 
928 1137 1351 3377 3757 3947 
929 1138 1352 3378 3758 3948 
930 1139 1353 3379 3759 3949 
931 1140 1354 3380 3760 3950 
932 1141 1355 3381 3761 3951 
933 1142 1356 3382 3762 3952 
934 1143 1357 3383 3763 3953 
935 1144 1358 3384 3764 3954 
936 1145 1359 3385 3765 3955 
937 1146 1360 3386 3766 3956 
938 1147 1361 3387 3767 3957 
939 1148 1362 3388 3768 3958 
940 1149 1363 3389 3769 3959 
941 1150 1364 3390 3770 3960 
942 1151 1365 3391 3771 3961 
943 1152 1366 3392 3772 3962 
944 1153 1367 3393 3773 3963 
945 1154 1368 3394 3774 3964 
946 1155 1369 3395 3775 3965 
947 1156 1370 3396 3776 3966 
948 1157 1371 3397 3777 3967 
949 1158 1372 3398 3778 3968 
950 1159 1373 3399 3779 3969 
951 1160 1374 3400 3780 3970 
952 1161 1375 3401 3781 3971 
953 1162 1376 3402 3782 3972 
954 1163 1377 3403 3783 3973 
955 1164 1378 3404 3784 3974 
956 1165 1379 3405 3785 3975 
957 1166 1380 3406 3786 3976 
958 1167 1381 3407 3787 3977 
959 1168 1382 3408 3788 3978 
960 1169 1383 3409 3789 3979 
961 1170 1384 3410 3790 3980 
962 1171 1385 3411 3791 3981 
963 1172 1386 3412 3792 3982 
964 1173 1387 3413 3793 3983 
1220 1350 1643 3669 3979 4239 
1221 1351 1644 3670 3980 4240 
1222 1352 1645 3671 3981 4241 
1223 1353 1646 3672 3982 4242 
1224 1354 1647 3673 3983 4243 
1225 1355 1648 3674 3984 4244 
1226 1356 1649 3675 3985 4245 
1227 1357 1650 3676 3986 4246 
1228 1358 1651 3677 3987 4247 
1229 1359 1652 3678 3988 4248 
1230 1360 1653 3679 3989 4249 
1231 1361 1654 3680 3990 4250 
1232 1362 1655 3681 3991 4251 
1233 1363 1656 3682 3992 4252 
1234 1364 1657 3683 3993 4253 
1235 1365 1658 3684 3994 4254 
1236 1366 1659 3685 3995 4255 
1237 1367 1660 3686 3996 4256 
1238 1368 1661 3687 3997 4257 
1239 1369 1662 3688 3998 4258 
1240 1370 1663 3689 3999 4259 
1241 1371 1664 3690 4000 4260 
1242 1372 1665 3691 4001 4261 
1243 1373 1666 3692 4002 4262 
1244 1374 1667 3693 4003 4263 
1245 1375 1668 3694 4004 4264 
1246 1376 1669 3695 4005 4265 
1247 1377 1670 3696 4006 4266 
1248 1378 1671 3697 4007 4267 
1249 1379 1672 3698 4008 4268 
1250 1380 1673 3699 4009 4269 
1251 1381 1674 3700 4010 4270 
1252 1382 1675 3701 4011 4271 
1253 1383 1676 3702 4012 4272 
1254 1384 1677 3703 4013 4273 
1255 1385 1678 3704 4014 4274 
1256 1386 1679 3705 4015 4275 
1257 1387 1680 3706 4016 4276 
1258 1388 1681 3707 4017 4277 
1259 1389 1682 3708 4018 4278 
1260 1390 1683 3709 4019 4279 
1261 1391 1684 3710 4020 4280 
1262 1392 1685 3711 4021 4281 
1263 1393 1686 3712 4022 4282 
1264 1394 1687 3713 4023 4283 
1265 1395 1688 3714 4024 4284 
1266 1396 1689 3715 4025 4285 
1267 1397 1690 3716 4026 4286 
1268 1398 1691 3717 4027 4287 
1269 1399 1692 3718 4028 4288 
1270 1400 1693 3719 4029 4289 
1271 1401 1694 3720 4030 4290 
1272 1402 1695 3721 4031 4291 
1273 1403 1696 3722 4032 4292 
1274 1404 1697 3723 4033 4293 
1020 1405 1698 3724 4034 4294 
1021 1406 1699 3725 4035 4295 
1022 1407 1700 3726 4036 4296 
1023 1408 1701 3727 4037 4297 
1024 1409 1702 3728 4038 4298 
1025 1410 1703 3729 4039 4299 
1026 1411 1704 3730 4040 4300 
1027 1412 1705 3731 4041 4301 
1028 1413 1706 3732 4042 4302 
1029 1414 1707 3733 4043 4303 
1030 1415 1708 3734 4044 4304 
1031 1416 1709 3735 4045 4305 
1032 1417 1710 3736 4046 4306 
1033 1418 1711 3737 4047 4307 
1034 1419 1712 3738 4048 4308 
1035 1420 1713 3739 4049 4309 
1036 1421 1714 3740 4050 4310 
1037 1422 1715 3741 4051 4311 
1038 1423 1716 3742 4052 4312 
1039 1424 1717 3743 4053 4313 
1040 1425 1718 3744 4054 4314 
1041 1426 1719 3745 4055 4315 
1042 1427 1720 3746 4056 4316 
1043 1428 1721 3747 4057 4317 
1044 1429 1722 3748 4058 4318 
1045 1430 1723 3749 4059 4319 
1046 1431 1724 3750 4060 4320 
1047 1432 1725 3751 4061 4321 
1048 1433 1726 3752 4062 4322 
1049 1434 1727 3753 4063 4323 
1050 1435 1728 3754 4064 4324 
1051 1436 1729 3755 4065 4325 
1052 1437 1730 3756 4066 4326 
1053 1438 1731 3757 4067 4327 
1054 1439 1732 3758 4068 4328 
1055 1440 1733 3759 4069 4329 
1056 1441 1734 3760 4070 4330 
1057 1442 1735 3761 4071 4331 
1058 1443 1736 3762 4072 4332 
1059 1444 1737 3763 4073 4333 
1060 1445 1738 3764 4074 4334 
1061 1446 1739 3765 4075 4080 
1062 1447 1740 3766 4076 4081 
1063 1448 1741 3767 4077 4082 
1064 1449 1742 3768 4078 4083 
1065 1450 1743 3769 4079 4084 
1066 1451 1744 3770 3825 4085 
1067 1452 1745 3771 3826 4086 
1068 1453 1746 3772 3827 4087 
1069 1454 1747 3773 3828 4088 
1070 1455 1748 3774 3829 4089 
1071 1456 1749 3775 3830 4090 
1072 1457 1750 3776 3831 4091 
1073 1458 1751 3777 3832 4092 
1074 1459 1752 3778 3833 4093 
1075 1460 1753 3779 3834 4094 
1076 1461 1754 3780 3835 4095 
1077 1462 1755 3781 3836 4096 
1078 1463 1756 3782 3837 4097 
1079 1464 1757 3783 3838 4098 
1080 1465 1758 3784 3839 4099 
1081 1466 1759 3785 3840 4100 
1082 1467 1760 3786 3841 4101 
1083 1468 1761 3787 3842 4102 
1084 1469 1762 3788 3843 4103 
1085 1470 1763 3789 3844 4104 
1086 1471 1764 3790 3845 4105 
1087 1472 1765 3791 3846 4106 
1088 1473 1766 3792 3847 4107 
1089 1474 1767 3793 3848 4108 
1090 1475 1768 3794 3849 4109 
1091 1476 1769 3795 3850 4110 
1092 1477 1770 3796 3851 4111 
1093 1478 1771 3797 3852 4112 
1094 1479 1772 3798 3853 4113 
1095 1480 1773 3799 3854 4114 
1096 1481 1774 3800 3855 4115 
1097 1482 1775 3801 3856 4116 
1098 1483 1776 3802 3857 4117 
1099 1484 1777 3803 3858 4118 
1100 1485 1778 3804 3859 4119 
1101 1486 1779 3805 3860 4120 
1102 1487 1780 3806 3861 4121 
1103 1488 1781 3807 3862 4122 
1104 1489 1782 3808 3863 4123 
1105 1490 1783 3809 3864 4124 
1106 1491 1784 3810 3865 4125 
1107 1492 1530 3811 3866 4126 
1108 1493 1531 3812 3867 4127 
1109 1494 1532 3813 3868 4128 
1110 1495 1533 3814 3869 4129 
1111 1496 1534 3815 3870 4130 
1112 1497 1535 3816 3871 4131 
1113 1498 1536 3817 3872 4132 
1114 1499 1537 3818 3873 4133 
1115 1500 1538 3819 3874 4134 
1116 1501 1539 3820 3875 4135 
1117 1502 1540 3821 3876 4136 
1118 1503 1541 3822 3877 4137 
1119 1504 1542 3823 3878 4138 
1120 1505 1543 3824 3879 4139 
1121 1506 1544 3570 3880 4140 
1122 1507 1545 3571 3881 4141 
1123 1508 1546 3572 3882 4142 
1124 1509 1547 3573 3883 4143 
1125 1510 1548 3574 3884 4144 
1126 1511 1549 3575 3885 4145 
1127 1512 1550 3576 3886 4146 
1128 1513 1551 3577 3887 4147 
1129 1514 1552 3578 3888 4148 
1130 1515 1553 3579 3889 4149 
1131 1516 1554 3580 3890 4150 
1132 1517 1555 3581 3891 4151 
1133 1518 1556 3582 3892 4152 
1134 1519 1557 3583 3893 4153 
1135 1520 1558 3584 3894 4154 
1136 1521 1559 3585 3895 4155 
1137 1522 1560 3586 3896 4156 
1138 1523 1561 3587 3897 4157 
1139 1524 1562 3588 3898 4158 
1140 1525 1563 3589 3899 4159 
1141 1526 1564 3590 3900 4160 
1142 1527 1565 3591 3901 4161 
1143 1528 1566 3592 3902 4162 
1144 1529 1567 3593 3903 4163 
1145 1275 1568 3594 3904 4164 
1146 1276 1569 3595 3905 4165 
1147 1277 1570 3596 3906 4166 
1148 1278 1571 3597 3907 4167 
1149 1279 1572 3598 3908 4168 
1150 1280 1573 3599 3909 4169 
1151 1281 1574 3600 3910 4170 
1152 1282 1575 3601 3911 4171 
1153 1283 1576 3602 3912 4172 
1154 1284 1577 3603 3913 4173 
1155 1285 1578 3604 3914 4174 
1156 1286 1579 3605 3915 4175 
1157 1287 1580 3606 3916 4176 
1158 1288 1581 3607 3917 4177 
1159 1289 1582 3608 3918 4178 
1160 1290 1583 3609 3919 4179 
1161 1291 1584 3610 3920 4180 
1162 1292 1585 3611 3921 4181 
1163 1293 1586 3612 3922 4182 
1164 1294 1587 3613 3923 4183 
1165 1295 1588 3614 3924 4184 
1166 1296 1589 3615 3925 4185 
1167 1297 1590 3616 3926 4186 
1168 1298 1591 3617 3927 4187 
1169 1299 1592 3618 3928 4188 
1170 1300 1593 3619 3929 4189 
1171 1301 1594 3620 3930 4190 
1172 1302 1595 3621 3931 4191 
1173 1303 1596 3622 3932 4192 
1174 1304 1597 3623 3933 4193 
1175 1305 1598 3624 3934 4194 
1176 1306 1599 3625 3935 4195 
1177 1307 1600 3626 3936 4196 
1178 1308 1601 3627 3937 4197 
1179 1309 1602 3628 3938 4198 
1180 1310 1603 3629 3939 4199 
1181 1311 1604 3630 3940 4200 
1182 1312 1605 3631 3941 4201 
1183 1313 1606 3632 3942 4202 
1184 1314 1607 3633 3943 4203 
1185 1315 1608 3634 3944 4204 
1186 1316 1609 3635 3945 4205 
1187 1317 1610 3636 3946 4206 
1188 1318 1611 3637 3947 4207 
1189 1319 1612 3638 3948 4208 
1190 1320 1613 3639 3949 4209 
1191 1321 1614 3640 3950 4210 
1192 1322 1615 3641 3951 4211 
1193 1323 1616 3642 3952 4212 
1194 1324 1617 3643 3953 4213 
1195 1325 1618 3644 3954 4214 
1196 1326 1619 3645 3955 4215 
1197 1327 1620 3646 3956 4216 
1198 1328 1621 3647 3957 4217 
1199 1329 1622 3648 3958 4218 
1200 1330 1623 3649 3959 4219 
1201 1331 1624 3650 3960 4220 
1202 1332 1625 3651 3961 4221 
1203 1333 1626 3652 3962 4222 
1204 1334 1627 3653 3963 4223 
1205 1335 1628 3654 3964 4224 
1206 1336 1629 3655 3965 4225 
1207 1337 1630 3656 3966 4226 
1208 1338 1631 3657 3967 4227 
1209 1339 1632 3658 3968 4228 
1210 1340 1633 3659 3969 4229 
1211 1341 1634 3660 3970 4230 
1212 1342 1635 3661 3971 4231 
1213 1343 1636 3662 3972 4232 
1214 1344 1637 3663 3973 4233 
1215 1345 1638 3664 3974 4234 
1216 1346 1639 3665 3975 4235 
1217 1347 1640 3666 3976 4236 
1218 1348 1641 3667 3977 4237 
1219 1349 1642 3668 3978 4238 
1473 1605 1898 4025 4234 4494 
1474 1606 1899 4026 4235 4495 
1475 1607 1900 4027 4236 4496 
1476 1608 1901 4028 4237 4497 
1477 1609 1902 4029 4238 4498 
1478 1610 1903 4030 4239 4499 
1479 1611 1904 4031 4240 4500 
1480 1612 1905 4032 4241 4501 
1481 1613 1906 4033 4242 4502 
1482 1614 1907 4034 4243 4503 
1483 1615 1908 4035 4244 4504 
1484 1616 1909 4036 4245 4505 
1485 1617 1910 4037 4246 4506 
1486 1618 1911 4038 4247 4507 
1487 1619 1912 4039 4248 4508 
1488 1620 1913 4040 4249 4509 
1489 1621 1914 4041 4250 4510 
1490 1622 1915 4042 4251 4511 
1491 1623 1916 4043 4252 4512 
1492 1624 1917 4044 4253 4513 
1493 1625 1918 4045 4254 4514 
1494 1626 1919 4046 4255 4515 
1495 1627 1920 4047 4256 4516 
1496 1628 1921 4048 4257 4517 
1497 1629 1922 4049 4258 4518 
1498 1630 1923 4050 4259 4519 
1499 1631 1924 4051 4260 4520 
1500 1632 1925 4052 4261 4521 
1501 1633 1926 4053 4262 4522 
1502 1634 1927 4054 4263 4523 
1503 1635 1928 4055 4264 4524 
1504 1636 1929 4056 4265 4525 
1505 1637 1930 4057 4266 4526 
1506 1638 1931 4058 4267 4527 
1507 1639 1932 4059 4268 4528 
1508 1640 1933 4060 4269 4529 
1509 1641 1934 4061 4270 4530 
1510 1642 1935 4062 4271 4531 
1511 1643 1936 4063 4272 4532 
1512 1644 1937 4064 4273 4533 
1513 1645 1938 4065 4274 4534 
1514 1646 1939 4066 4275 4535 
1515 1647 1940 4067 4276 4536 
1516 1648 1941 4068 4277 4537 
1517 1649 1942 4069 4278 4538 
1518 1650 1943 4070 4279 4539 
1519 1651 1944 4071 4280 4540 
1520 1652 1945 4072 4281 4541 
1521 1653 1946 4073 4282 4542 
1522 1654 1947 4074 4283 4543 
1523 1655 1948 4075 4284 4544 
1524 1656 1949 4076 4285 4545 
1525 1657 1950 4077 4286 4546 
1526 1658 1951 4078 4287 4547 
1527 1659 1952 4079 4288 4548 
1528 1660 1953 3825 4289 4549 
1529 1661 1954 3826 4290 4550 
1275 1662 1955 3827 4291 4551 
1276 1663 1956 3828 4292 4552 
1277 1664 1957 3829 4293 4553 
1278 1665 1958 3830 4294 4554 
1279 1666 1959 3831 4295 4555 
1280 1667 1960 3832 4296 4556 
1281 1668 1961 3833 4297 4557 
1282 1669 1962 3834 4298 4558 
1283 1670 1963 3835 4299 4559 
1284 1671 1964 3836 4300 4560 
1285 1672 1965 3837 4301 4561 
1286 1673 1966 3838 4302 4562 
1287 1674 1967 3839 4303 4563 
1288 1675 1968 3840 4304 4564 
1289 1676 1969 3841 4305 4565 
1290 1677 1970 3842 4306 4566 
1291 1678 1971 3843 4307 4567 
1292 1679 1972 3844 4308 4568 
1293 1680 1973 3845 4309 4569 
1294 1681 1974 3846 4310 4570 
1295 1682 1975 3847 4311 4571 
1296 1683 1976 3848 4312 4572 
1297 1684 1977 3849 4313 4573 
1298 1685 1978 3850 4314 4574 
1299 1686 1979 3851 4315 4575 
1300 1687 1980 3852 4316 4576 
1301 1688 1981 3853 4317 4577 
1302 1689 1982 3854 4318 4578 
1303 1690 1983 3855 4319 4579 
1304 1691 1984 3856 4320 4580 
1305 1692 1985 3857 4321 4581 
1306 1693 1986 3858 4322 4582 
1307 1694 1987 3859 4323 4583 
1308 1695 1988 3860 4324 4584 
1309 1696 1989 3861 4325 4585 
1310 1697 1990 3862 4326 4586 
1311 1698 1991 3863 4327 4587 
1312 1699 1992 3864 4328 4588 
1313 1700 1993 3865 4329 4589 
1314 1701 1994 3866 4330 4335 
1315 1702 1995 3867 4331 4336 
1316 1703 1996 3868 4332 4337 
1317 1704 1997 3869 4333 4338 
1318 1705 1998 3870 4334 4339 
1319 1706 1999 3871 4080 4340 
1320 1707 2000 3872 4081 4341 
1321 1708 2001 3873 4082 4342 
1322 1709 2002 3874 4083 4343 
1323 1710 2003 3875 4084 4344 
1324 1711 2004 3876 4085 4345 
1325 1712 2005 3877 4086 4346 
1326 1713 2006 3878 4087 4347 
1327 1714 2007 3879 4088 4348 
1328 1715 2008 3880 4089 4349 
1329 1716 2009 3881 4090 4350 
1330 1717 2010 3882 4091 4351 
1331 1718 2011 3883 4092 4352 
1332 1719 2012 3884 4093 4353 
1333 1720 2013 3885 4094 4354 
1334 1721 2014 3886 4095 4355 
1335 1722 2015 3887 4096 4356 
1336 1723 2016 3888 4097 4357 
1337 1724 2017 3889 4098 4358 
1338 1725 2018 3890 4099 4359 
1339 1726 2019 3891 4100 4360 
1340 1727 2020 3892 4101 4361 
1341 1728 2021 3893 4102 4362 
1342 1729 2022 3894 4103 4363 
1343 1730 2023 3895 4104 4364 
1344 1731 2024 3896 4105 4365 
1345 1732 2025 3897 4106 4366 
1346 1733 2026 3898 4107 4367 
1347 1734 2027 3899 4108 4368 
1348 1735 2028 3900 4109 4369 
1349 1736 2029 3901 4110 4370 
1350 1737 2030 3902 4111 4371 
1351 1738 2031 3903 4112 4372 
1352 1739 2032 3904 4113 4373 
1353 1740 2033 3905 4114 4374 
1354 1741 2034 3906 4115 4375 
1355 1742 2035 3907 4116 4376 
1356 1743 2036 3908 4117 4377 
1357 1744 2037 3909 4118 4378 
1358 1745 2038 3910 4119 4379 
1359 1746 2039 3911 4120 4380 
1360 1747 1785 3912 4121 4381 
1361 1748 1786 3913 4122 4382 
1362 1749 1787 3914 4123 4383 
1363 1750 1788 3915 4124 4384 
1364 1751 1789 3916 4125 4385 
1365 1752 1790 3917 4126 4386 
1366 1753 1791 3918 4127 4387 
1367 1754 1792 3919 4128 4388 
1368 1755 1793 3920 4129 4389 
1369 1756 1794 3921 4130 4390 
1370 1757 1795 3922 4131 4391 
1371 1758 1796 3923 4132 4392 
1372 1759 1797 3924 4133 4393 
1373 1760 1798 3925 4134 4394 
1374 1761 1799 3926 4135 4395 
1375 1762 1800 3927 4136 4396 
1376 1763 1801 3928 4137 4397 
1377 1764 1802 3929 4138 4398 
1378 1765 1803 3930 4139 4399 
1379 1766 1804 3931 4140 4400 
1380 1767 1805 3932 4141 4401 
1381 1768 1806 3933 4142 4402 
1382 1769 1807 3934 4143 4403 
1383 1770 1808 3935 4144 4404 
1384 1771 1809 3936 4145 4405 
1385 1772 1810 3937 4146 4406 
1386 1773 1811 3938 4147 4407 
1387 1774 1812 3939 4148 4408 
1388 1775 1813 3940 4149 4409 
1389 1776 1814 3941 4150 4410 
1390 1777 1815 3942 4151 4411 
1391 1778 1816 3943 4152 4412 
1392 1779 1817 3944 4153 4413 
1393 1780 1818 3945 4154 4414 
1394 1781 1819 3946 4155 4415 
1395 1782 1820 3947 4156 4416 
1396 1783 1821 3948 4157 4417 
1397 1784 1822 3949 4158 4418 
1398 1530 1823 3950 4159 4419 
1399 1531 1824 3951 4160 4420 
1400 1532 1825 3952 4161 4421 
1401 1533 1826 3953 4162 4422 
1402 1534 1827 3954 4163 4423 
1403 1535 1828 3955 4164 4424 
1404 1536 1829 3956 4165 4425 
1405 1537 1830 3957 4166 4426 
1406 1538 1831 3958 4167 4427 
1407 1539 1832 3959 4168 4428 
1408 1540 1833 3960 4169 4429 
1409 1541 1834 3961 4170 4430 
1410 1542 1835 3962 4171 4431 
1411 1543 1836 3963 4172 4432 
1412 1544 1837 3964 4173 4433 
1413 1545 1838 3965 4174 4434 
1414 1546 1839 3966 4175 4435 
1415 1547 1840 3967 4176 4436 
1416 1548 1841 3968 4177 4437 
1417 1549 1842 3969 4178 4438 
1418 1550 1843 3970 4179 4439 
1419 1551 1844 3971 4180 4440 
1420 1552 1845 3972 4181 4441 
1421 1553 1846 3973 4182 4442 
1422 1554 1847 3974 4183 4443 
1423 1555 1848 3975 4184 4444 
1424 1556 1849 3976 4185 4445 
1425 1557 1850 3977 4186 4446 
1426 1558 1851 3978 4187 4447 
1427 1559 1852 3979 4188 4448 
1428 1560 1853 3980 4189 4449 
1429 1561 1854 3981 4190 4450 
1430 1562 1855 3982 4191 4451 
1431 1563 1856 3983 4192 4452 
1432 1564 1857 3984 4193 4453 
1433 1565 1858 3985 4194 4454 
1434 1566 1859 3986 4195 4455 
1435 1567 1860 3987 4196 4456 
1436 1568 1861 3988 4197 4457 
1437 1569 1862 3989 4198 4458 
1438 1570 1863 3990 4199 4459 
1439 1571 1864 3991 4200 4460 
1440 1572 1865 3992 4201 4461 
1441 1573 1866 3993 4202 4462 
1442 1574 1867 3994 4203 4463 
1443 1575 1868 3995 4204 4464 
1444 1576 1869 3996 4205 4465 
1445 1577 1870 3997 4206 4466 
1446 1578 1871 3998 4207 4467 
1447 1579 1872 3999 4208 4468 
1448 1580 1873 4000 4209 4469 
1449 1581 1874 4001 4210 4470 
1450 1582 1875 4002 4211 4471 
1451 1583 1876 4003 4212 4472 
1452 1584 1877 4004 4213 4473 
1453 1585 1878 4005 4214 4474 
1454 1586 1879 4006 4215 4475 
1455 1587 1880 4007 4216 4476 
1456 1588 1881 4008 4217 4477 
1457 1589 1882 4009 4218 4478 
1458 1590 1883 4010 4219 4479 
1459 1591 1884 4011 4220 4480 
1460 1592 1885 4012 4221 4481 
1461 1593 1886 4013 4222 4482 
1462 1594 1887 4014 4223 4483 
1463 1595 1888 4015 4224 4484 
1464 1596 1889 4016 4225 4485 
1465 1597 1890 4017 4226 4486 
1466 1598 1891 4018 4227 4487 
1467 1599 1892 4019 4228 4488 
1468 1600 1893 4020 4229 4489 
1469 1601 1894 4021 4230 4490 
1470 1602 1895 4022 4231 4491 
1471 1603 1896 4023 4232 4492 
1472 1604 1897 4024 4233 4493 
1728 1860 2153 4280 4489 4749 
1729 1861 2154 4281 4490 4750 
1730 1862 2155 4282 4491 4751 
1731 1863 2156 4283 4492 4752 
1732 1864 2157 4284 4493 4753 
1733 1865 2158 4285 4494 4754 
1734 1866 2159 4286 4495 4755 
1735 1867 2160 4287 4496 4756 
1736 1868 2161 4288 4497 4757 
1737 1869 2162 4289 4498 4758 
1738 1870 2163 4290 4499 4759 
1739 1871 2164 4291 4500 4760 
1740 1872 2165 4292 4501 4761 
1741 1873 2166 4293 4502 4762 
1742 1874 2167 4294 4503 4763 
1743 1875 2168 4295 4504 4764 
1744 1876 2169 4296 4505 4765 
1745 1877 2170 4297 4506 4766 
1746 1878 2171 4298 4507 4767 
1747 1879 2172 4299 4508 4768 
1748 1880 2173 4300 4509 4769 
1749 1881 2174 4301 4510 4770 
1750 1882 2175 4302 4511 4771 
1751 1883 2176 4303 4512 4772 
1752 1884 2177 4304 4513 4773 
1753 1885 2178 4305 4514 4774 
1754 1886 2179 4306 4515 4775 
1755 1887 2180 4307 4516 4776 
1756 1888 2181 4308 4517 4777 
1757 1889 2182 4309 4518 4778 
1758 1890 2183 4310 4519 4779 
1759 1891 2184 4311 4520 4780 
1760 1892 2185 4312 4521 4781 
1761 1893 2186 4313 4522 4782 
1762 1894 2187 4314 4523 4783 
1763 1895 2188 4315 4524 4784 
1764 1896 2189 4316 4525 4785 
1765 1897 2190 4317 4526 4786 
1766 1898 2191 4318 4527 4787 
1767 1899 2192 4319 4528 4788 
1768 1900 2193 4320 4529 4789 
1769 1901 2194 4321 4530 4790 
1770 1902 2195 4322 4531 4791 
1771 1903 2196 4323 4532 4792 
1772 1904 2197 4324 4533 4793 
1773 1905 2198 4325 4534 4794 
1774 1906 2199 4326 4535 4795 
1775 1907 2200 4327 4536 4796 
1776 1908 2201 4328 4537 4797 
1777 1909 2202 4329 4538 4798 
1778 1910 2203 4330 4539 4799 
1779 1911 2204 4331 4540 4800 
1780 1912 2205 4332 4541 4801 
1781 1913 2206 4333 4542 4802 
1782 1914 2207 4334 4543 4803 
1783 1915 2208 4080 4544 4804 
1784 1916 2209 4081 4545 4805 
1530 1917 2210 4082 4546 4806 
1531 1918 2211 4083 4547 4807 
1532 1919 2212 4084 4548 4808 
1533 1920 2213 4085 4549 4809 
1534 1921 2214 4086 4550 4810 
1535 1922 2215 4087 4551 4811 
1536 1923 2216 4088 4552 4812 
1537 1924 2217 4089 4553 4813 
1538 1925 2218 4090 4554 4814 
1539 1926 2219 4091 4555 4815 
1540 1927 2220 4092 4556 4816 
1541 1928 2221 4093 4557 4817 
1542 1929 2222 4094 4558 4818 
1543 1930 2223 4095 4559 4819 
1544 1931 2224 4096 4560 4820 
1545 1932 2225 4097 4561 4821 
1546 1933 2226 4098 4562 4822 
1547 1934 2227 4099 4563 4823 
1548 1935 2228 4100 4564 4824 
1549 1936 2229 4101 4565 4825 
1550 1937 2230 4102 4566 4826 
1551 1938 2231 4103 4567 4827 
1552 1939 2232 4104 4568 4828 
1553 1940 2233 4105 4569 4829 
1554 1941 2234 4106 4570 4830 
1555 1942 2235 4107 4571 4831 
1556 1943 2236 4108 4572 4832 
1557 1944 2237 4109 4573 4833 
1558 1945 2238 4110 4574 4834 
1559 1946 2239 4111 4575 4835 
1560 1947 2240 4112 4576 4836 
1561 1948 2241 4113 4577 4837 
1562 1949 2242 4114 4578 4838 
1563 1950 2243 4115 4579 4839 
1564 1951 2244 4116 4580 4840 
1565 1952 2245 4117 4581 4841 
1566 1953 2246 4118 4582 4842 
1567 1954 2247 4119 4583 4843 
1568 1955 2248 4120 4584 4844 
1569 1956 2249 4121 4585 4590 
1570 1957 2250 4122 4586 4591 
1571 1958 2251 4123 4587 4592 
1572 1959 2252 4124 4588 4593 
1573 1960 2253 4125 4589 4594 
1574 1961 2254 4126 4335 4595 
1575 1962 2255 4127 4336 4596 
1576 1963 2256 4128 4337 4597 
1577 1964 2257 4129 4338 4598 
1578 1965 2258 4130 4339 4599 
1579 1966 2259 4131 4340 4600 
1580 1967 2260 4132 4341 4601 
1581 1968 2261 4133 4342 4602 
1582 1969 2262 4134 4343 4603 
1583 1970 2263 4135 4344 4604 
1584 1971 2264 4136 4345 4605 
1585 1972 2265 4137 4346 4606 
1586 1973 2266 4138 4347 4607 
1587 1974 2267 4139 4348 4608 
1588 1975 2268 4140 4349 4609 
1589 1976 2269 4141 4350 4610 
1590 1977 2270 4142 4351 4611 
1591 1978 2271 4143 4352 4612 
1592 1979 2272 4144 4353 4613 
1593 1980 2273 4145 4354 4614 
1594 1981 2274 4146 4355 4615 
1595 1982 2275 4147 4356 4616 
1596 1983 2276 4148 4357 4617 
1597 1984 2277 4149 4358 4618 
1598 1985 2278 4150 4359 4619 
1599 1986 2279 4151 4360 4620 
1600 1987 2280 4152 4361 4621 
1601 1988 2281 4153 4362 4622 
1602 1989 2282 4154 4363 4623 
1603 1990 2283 4155 4364 4624 
1604 1991 2284 4156 4365 4625 
1605 1992 2285 4157 4366 4626 
1606 1993 2286 4158 4367 4627 
1607 1994 2287 4159 4368 4628 
1608 1995 2288 4160 4369 4629 
1609 1996 2289 4161 4370 4630 
1610 1997 2290 4162 4371 4631 
1611 1998 2291 4163 4372 4632 
1612 1999 2292 4164 4373 4633 
1613 2000 2293 4165 4374 4634 
1614 2001 2294 4166 4375 4635 
1615 2002 2040 4167 4376 4636 
1616 2003 2041 4168 4377 4637 
1617 2004 2042 4169 4378 4638 
1618 2005 2043 4170 4379 4639 
1619 2006 2044 4171 4380 4640 
1620 2007 2045 4172 4381 4641 
1621 2008 2046 4173 4382 4642 
1622 2009 2047 4174 4383 4643 
1623 2010 2048 4175 4384 4644 
1624 2011 2049 4176 4385 4645 
1625 2012 2050 4177 4386 4646 
1626 2013 2051 4178 4387 4647 
1627 2014 2052 4179 4388 4648 
1628 2015 2053 4180 4389 4649 
1629 2016 2054 4181 4390 4650 
1630 2017 2055 4182 4391 4651 
1631 2018 2056 4183 4392 4652 
1632 2019 2057 4184 4393 4653 
1633 2020 2058 4185 4394 4654 
1634 2021 2059 4186 4395 4655 
1635 2022 2060 4187 4396 4656 
1636 2023 2061 4188 4397 4657 
1637 2024 2062 4189 4398 4658 
1638 2025 2063 4190 4399 4659 
1639 2026 2064 4191 4400 4660 
1640 2027 2065 4192 4401 4661 
1641 2028 2066 4193 4402 4662 
1642 2029 2067 4194 4403 4663 
1643 2030 2068 4195 4404 4664 
1644 2031 2069 4196 4405 4665 
1645 2032 2070 4197 4406 4666 
1646 2033 2071 4198 4407 4667 
1647 2034 2072 4199 4408 4668 
1648 2035 2073 4200 4409 4669 
1649 2036 2074 4201 4410 4670 
1650 2037 2075 4202 4411 4671 
1651 2038 2076 4203 4412 4672 
1652 2039 2077 4204 4413 4673 
1653 1785 2078 4205 4414 4674 
1654 1786 2079 4206 4415 4675 
1655 1787 2080 4207 4416 4676 
1656 1788 2081 4208 4417 4677 
1657 1789 2082 4209 4418 4678 
1658 1790 2083 4210 4419 4679 
1659 1791 2084 4211 4420 4680 
1660 1792 2085 4212 4421 4681 
1661 1793 2086 4213 4422 4682 
1662 1794 2087 4214 4423 4683 
1663 1795 2088 4215 4424 4684 
1664 1796 2089 4216 4425 4685 
1665 1797 2090 4217 4426 4686 
1666 1798 2091 4218 4427 4687 
1667 1799 2092 4219 4428 4688 
1668 1800 2093 4220 4429 4689 
1669 1801 2094 4221 4430 4690 
1670 1802 2095 4222 4431 4691 
1671 1803 2096 4223 4432 4692 
1672 1804 2097 4224 4433 4693 
1673 1805 2098 4225 4434 4694 
1674 1806 2099 4226 4435 4695 
1675 1807 2100 4227 4436 4696 
1676 1808 2101 4228 4437 4697 
1677 1809 2102 4229 4438 4698 
1678 1810 2103 4230 4439 4699 
1679 1811 2104 4231 4440 4700 
1680 1812 2105 4232 4441 4701 
1681 1813 2106 4233 4442 4702 
1682 1814 2107 4234 4443 4703 
1683 1815 2108 4235 4444 4704 
1684 1816 2109 4236 4445 4705 
1685 1817 2110 4237 4446 4706 
1686 1818 2111 4238 4447 4707 
1687 1819 2112 4239 4448 4708 
1688 1820 2113 4240 4449 4709 
1689 1821 2114 4241 4450 4710 
1690 1822 2115 4242 4451 4711 
1691 1823 2116 4243 4452 4712 
1692 1824 2117 4244 4453 4713 
1693 1825 2118 4245 4454 4714 
1694 1826 2119 4246 4455 4715 
1695 1827 2120 4247 4456 4716 
1696 1828 2121 4248 4457 4717 
1697 1829 2122 4249 4458 4718 
1698 1830 2123 4250 4459 4719 
1699 1831 2124 4251 4460 4720 
1700 1832 2125 4252 4461 4721 
1701 1833 2126 4253 4462 4722 
1702 1834 2127 4254 4463 4723 
1703 1835 2128 4255 4464 4724 
1704 1836 2129 4256 4465 4725 
1705 1837 2130 4257 4466 4726 
1706 1838 2131 4258 4467 4727 
1707 1839 2132 4259 4468 4728 
1708 1840 2133 4260 4469 4729 
1709 1841 2134 4261 4470 4730 
1710 1842 2135 4262 4471 4731 
1711 1843 2136 4263 4472 4732 
1712 1844 2137 4264 4473 4733 
1713 1845 2138 4265 4474 4734 
1714 1846 2139 4266 4475 4735 
1715 1847 2140 4267 4476 4736 
1716 1848 2141 4268 4477 4737 
1717 1849 2142 4269 4478 4738 
1718 1850 2143 4270 4479 4739 
1719 1851 2144 4271 4480 4740 
1720 1852 2145 4272 4481 4741 
1721 1853 2146 4273 4482 4742 
1722 1854 2147 4274 4483 4743 
1723 1855 2148 4275 4484 4744 
1724 1856 2149 4276 4485 4745 
1725 1857 2150 4277 4486 4746 
1726 1858 2151 4278 4487 4747 
1727 1859 2152 4279 4488 4748 
1983 2115 2408 4535 4744 5004 
1984 2116 2409 4536 4745 5005 
1985 2117 2410 4537 4746 5006 
1986 2118 2411 4538 4747 5007 
1987 2119 2412 4539 4748 5008 
1988 2120 2413 4540 4749 5009 
1989 2121 2414 4541 4750 5010 
1990 2122 2415 4542 4751 5011 
1991 2123 2416 4543 4752 5012 
1992 2124 2417 4544 4753 5013 
1993 2125 2418 4545 4754 5014 
1994 2126 2419 4546 4755 5015 
1995 2127 2420 4547 4756 5016 
1996 2128 2421 4548 4757 5017 
1997 2129 2422 4549 4758 5018 
1998 2130 2423 4550 4759 5019 
1999 2131 2424 4551 4760 5020 
2000 2132 2425 4552 4761 5021 
2001 2133 2426 4553 4762 5022 
2002 2134 2427 4554 4763 5023 
2003 2135 2428 4555 4764 5024 
2004 2136 2429 4556 4765 5025 
2005 2137 2430 4557 4766 5026 
2006 2138 2431 4558 4767 5027 
2007 2139 2432 4559 4768 5028 
2008 2140 2433 4560 4769 5029 
2009 2141 2434 4561 4770 5030 
2010 2142 2435 4562 4771 5031 
2011 2143 2436 4563 4772 5032 
2012 2144 2437 4564 4773 5033 
2013 2145 2438 4565 4774 5034 
2014 2146 2439 4566 4775 5035 
2015 2147 2440 4567 4776 5036 
2016 2148 2441 4568 4777 5037 
2017 2149 2442 4569 4778 5038 
2018 2150 2443 4570 4779 5039 
2019 2151 2444 4571 4780 5040 
2020 2152 2445 4572 4781 5041 
2021 2153 2446 4573 4782 5042 
2022 2154 2447 4574 4783 5043 
2023 2155 2448 4575 4784 5044 
2024 2156 2449 4576 4785 5045 
2025 2157 2450 4577 4786 5046 
2026 2158 2451 4578 4787 5047 
2027 2159 2452 4579 4788 5048 
2028 2160 2453 4580 4789 5049 
2029 2161 2454 4581 4790 5050 
2030 2162 2455 4582 4791 5051 
2031 2163 2456 4583 4792 5052 
2032 2164 2457 4584 4793 5053 
2033 2165 2458 4585 4794 5054 
2034 2166 2459 4586 4795 5055 
2035 2167 2460 4587 4796 5056 
2036 2168 2461 4588 4797 5057 
2037 2169 2462 4589 4798 5058 
2038 2170 2463 4335 4799 5059 
2039 2171 2464 4336 4800 5060 
1785 2172 2465 4337 4801 5061 
1786 2173 2466 4338 4802 5062 
1787 2174 2467 4339 4803 5063 
1788 2175 2468 4340 4804 5064 
1789 2176 2469 4341 4805 5065 
1790 2177 2470 4342 4806 5066 
1791 2178 2471 4343 4807 5067 
1792 2179 2472 4344 4808 5068 
1793 2180 2473 4345 4809 5069 
1794 2181 2474 4346 4810 5070 
1795 2182 2475 4347 4811 5071 
1796 2183 2476 4348 4812 5072 
1797 2184 2477 4349 4813 5073 
1798 2185 2478 4350 4814 5074 
1799 2186 2479 4351 4815 5075 
1800 2187 2480 4352 4816 5076 
1801 2188 2481 4353 4817 5077 
1802 2189 2482 4354 4818 5078 
1803 2190 2483 4355 4819 5079 
1804 2191 2484 4356 4820 5080 
1805 2192 2485 4357 4821 5081 
1806 2193 2486 4358 4822 5082 
1807 2194 2487 4359 4823 5083 
1808 2195 2488 4360 4824 5084 
1809 2196 2489 4361 4825 5085 
1810 2197 2490 4362 4826 5086 
1811 2198 2491 4363 4827 5087 
1812 2199 2492 4364 4828 5088 
1813 2200 2493 4365 4829 5089 
1814 2201 2494 4366 4830 5090 
1815 2202 2495 4367 4831 5091 
1816 2203 2496 4368 4832 5092 
1817 2204 2497 4369 4833 5093 
1818 2205 2498 4370 4834 5094 
1819 2206 2499 4371 4835 5095 
1820 2207 2500 4372 4836 5096 
1821 2208 2501 4373 4837 5097 
1822 2209 2502 4374 4838 5098 
1823 2210 2503 4375 4839 5099 
1824 2211 2504 4376 4840 4845 
1825 2212 2505 4377 4841 4846 
1826 2213 2506 4378 4842 4847 
1827 2214 2507 4379 4843 4848 
1828 2215 2508 4380 4844 4849 
1829 2216 2509 4381 4590 4850 
1830 2217 2510 4382 4591 4851 
1831 2218 2511 4383 4592 4852 
1832 2219 2512 4384 4593 4853 
1833 2220 2513 4385 4594 4854 
1834 2221 2514 4386 4595 4855 
1835 2222 2515 4387 4596 4856 
1836 2223 2516 4388 4597 4857 
1837 2224 2517 4389 4598 4858 
1838 2225 2518 4390 4599 4859 
1839 2226 2519 4391 4600 4860 
1840 2227 2520 4392 4601 4861 
1841 2228 2521 4393 4602 4862 
1842 2229 2522 4394 4603 4863 
1843 2230 2523 4395 4604 4864 
1844 2231 2524 4396 4605 4865 
1845 2232 2525 4397 4606 4866 
1846 2233 2526 4398 4607 4867 
1847 2234 2527 4399 4608 4868 
1848 2235 2528 4400 4609 4869 
1849 2236 2529 4401 4610 4870 
1850 2237 2530 4402 4611 4871 
1851 2238 2531 4403 4612 4872 
1852 2239 2532 4404 4613 4873 
1853 2240 2533 4405 4614 4874 
1854 2241 2534 4406 4615 4875 
1855 2242 2535 4407 4616 4876 
1856 2243 2536 4408 4617 4877 
1857 2244 2537 4409 4618 4878 
1858 2245 2538 4410 4619 4879 
1859 2246 2539 4411 4620 4880 
1860 2247 2540 4412 4621 4881 
1861 2248 2541 4413 4622 4882 
1862 2249 2542 4414 4623 4883 
1863 2250 2543 4415 4624 4884 
1864 2251 2544 4416 4625 4885 
1865 2252 2545 4417 4626 4886 
1866 2253 2546 4418 4627 4887 
1867 2254 2547 4419 4628 4888 
1868 2255 2548 4420 4629 4889 
1869 2256 2549 4421 4630 4890 
1870 2257 2295 4422 4631 4891 
1871 2258 2296 4423 4632 4892 
1872 2259 2297 4424 4633 4893 
1873 2260 2298 4425 4634 4894 
1874 2261 2299 4426 4635 4895 
1875 2262 2300 4427 4636 4896 
1876 2263 2301 4428 4637 4897 
1877 2264 2302 4429 4638 4898 
1878 2265 2303 4430 4639 4899 
1879 2266 2304 4431 4640 4900 
1880 2267 2305 4432 4641 4901 
1881 2268 2306 4433 4642 4902 
1882 2269 2307 4434 4643 4903 
1883 2270 2308 4435 4644 4904 
1884 2271 2309 4436 4645 4905 
1885 2272 2310 4437 4646 4906 
1886 2273 2311 4438 4647 4907 
1887 2274 2312 4439 4648 4908 
1888 2275 2313 4440 4649 4909 
1889 2276 2314 4441 4650 4910 
1890 2277 2315 4442 4651 4911 
1891 2278 2316 4443 4652 4912 
1892 2279 2317 4444 4653 4913 
1893 2280 2318 4445 4654 4914 
1894 2281 2319 4446 4655 4915 
1895 2282 2320 4447 4656 4916 
1896 2283 2321 4448 4657 4917 
1897 2284 2322 4449 4658 4918 
1898 2285 2323 4450 4659 4919 
1899 2286 2324 4451 4660 4920 
1900 2287 2325 4452 4661 4921 
1901 2288 2326 4453 4662 4922 
1902 2289 2327 4454 4663 4923 
1903 2290 2328 4455 4664 4924 
1904 2291 2329 4456 4665 4925 
1905 2292 2330 4457 4666 4926 
1906 2293 2331 4458 4667 4927 
1907 2294 2332 4459 4668 4928 
1908 2040 2333 4460 4669 4929 
1909 2041 2334 4461 4670 4930 
1910 2042 2335 4462 4671 4931 
1911 2043 2336 4463 4672 4932 
1912 2044 2337 4464 4673 4933 
1913 2045 2338 4465 4674 4934 
1914 2046 2339 4466 4675 4935 
1915 2047 2340 4467 4676 4936 
1916 2048 2341 4468 4677 4937 
1917 2049 2342 4469 4678 4938 
1918 2050 2343 4470 4679 4939 
1919 2051 2344 4471 4680 4940 
1920 2052 2345 4472 4681 4941 
1921 2053 2346 4473 4682 4942 
1922 2054 2347 4474 4683 4943 
1923 2055 2348 4475 4684 4944 
1924 2056 2349 4476 4685 4945 
1925 2057 2350 4477 4686 4946 
1926 2058 2351 4478 4687 4947 
1927 2059 2352 4479 4688 4948 
1928 2060 2353 4480 4689 4949 
1929 2061 2354 4481 4690 4950 
1930 2062 2355 4482 4691 4951 
1931 2063 2356 4483 4692 4952 
1932 2064 2357 4484 4693 4953 
1933 2065 2358 4485 4694 4954 
1934 2066 2359 4486 4695 4955 
1935 2067 2360 4487 4696 4956 
1936 2068 2361 4488 4697 4957 
1937 2069 2362 4489 4698 4958 
1938 2070 2363 4490 4699 4959 
1939 2071 2364 4491 4700 4960 
1940 2072 2365 4492 4701 4961 
1941 2073 2366 4493 4702 4962 
1942 2074 2367 4494 4703 4963 
1943 2075 2368 4495 4704 4964 
1944 2076 2369 4496 4705 4965 
1945 2077 2370 4497 4706 4966 
1946 2078 2371 4498 4707 4967 
1947 2079 2372 4499 4708 4968 
1948 2080 2373 4500 4709 4969 
1949 2081 2374 4501 4710 4970 
1950 2082 2375 4502 4711 4971 
1951 2083 2376 4503 4712 4972 
1952 2084 2377 4504 4713 4973 
1953 2085 2378 4505 4714 4974 
1954 2086 2379 4506 4715 4975 
1955 2087 2380 4507 4716 4976 
1956 2088 2381 4508 4717 4977 
1957 2089 2382 4509 4718 4978 
1958 2090 2383 4510 4719 4979 
1959 2091 2384 4511 4720 4980 
1960 2092 2385 4512 4721 4981 
1961 2093 2386 4513 4722 4982 
1962 2094 2387 4514 4723 4983 
1963 2095 2388 4515 4724 4984 
1964 2096 2389 4516 4725 4985 
1965 2097 2390 4517 4726 4986 
1966 2098 2391 4518 4727 4987 
1967 2099 2392 4519 4728 4988 
1968 2100 2393 4520 4729 4989 
1969 2101 2394 4521 4730 4990 
1970 2102 2395 4522 4731 4991 
1971 2103 2396 4523 4732 4992 
1972 2104 2397 4524 4733 4993 
1973 2105 2398 4525 4734 4994 
1974 2106 2399 4526 4735 4995 
1975 2107 2400 4527 4736 4996 
1976 2108 2401 4528 4737 4997 
1977 2109 2402 4529 4738 4998 
1978 2110 2403 4530 4739 4999 
1979 2111 2404 4531 4740 5000 
1980 2112 2405 4532 4741 5001 
1981 2113 2406 4533 4742 5002 
1982 2114 2407 4534 4743 5003 
