1.823288 
-1.257147 
-0.935894 
-1.238212 
0.217561 
-0.801387 
1.048590 
0.285596 
-1.752407 
1.223953 
-0.846653 
-2.017990 
-0.561155 
0.235846 
1.291323 
-1.558748 
0.845637 
-1.434560 
0.989110 
-1.383494 
-0.695221 
-1.311778 
-2.332046 
0.651322 
-0.079715 
-0.978503 
2.539825 
1.310475 
-1.241220 
-0.931146 
-0.419062 
-0.144818 
1.244665 
-0.530824 
0.413147 
-1.008585 
-1.196957 
1.527555 
-1.805345 
0.179923 
-1.156176 
1.688058 
-1.257184 
-1.055821 
-0.186815 
0.658355 
1.603083 
0.465832 
2.482017 
-1.127061 
1.151971 
-0.965068 
0.992329 
2.322932 
-0.117770 
0.257042 
0.470983 
0.242305 
-0.473708 
1.420266 
1.604114 
-0.982681 
1.482304 
0.674092 
0.274449 
1.532129 
1.221785 
-0.328304 
3.170382 
1.342954 
0.055311 
-1.529612 
2.819288 
2.178150 
-1.626866 
-2.448336 
3.467159 
1.103093 
1.231314 
-0.841597 
0.236246 
-0.183631 
-0.897466 
2.324402 
-1.501439 
-0.732483 
0.508103 
-1.535947 
0.267794 
0.117830 
-1.471948 
0.075488 
-0.052817 
-1.885484 
-0.675244 
-1.274734 
0.018108 
-0.070888 
-0.451774 
-0.240223 
-2.370501 
-1.264292 
-1.528973 
-1.179677 
-0.451892 
-1.035906 
-0.737404 
-0.023324 
-0.410695 
-0.236677 
-2.894957 
-1.354045 
-0.590196 
-1.007580 
-1.562070 
-2.404455 
-1.013057 
-0.928521 
-0.019295 
-1.849161 
-2.500521 
-1.647946 
-0.033865 
0.175258 
-1.787079 
-0.719675 
