-0.136568 
-1.248750 
-0.073318 
0.686156 
-0.606530 
-0.490227 
-1.508862 
-0.444663 
-1.052411 
-2.082245 
-2.340114 
-1.528033 
-0.951831 
-1.748910 
-0.121825 
-1.020453 
-1.232705 
-1.350324 
-1.709861 
-1.256229 
-1.538826 
-1.680678 
-1.164946 
0.073394 
-1.159211 
-3.360540 
-0.238601 
-0.516104 
-0.773772 
0.179258 
-1.555121 
0.247340 
-2.715519 
-0.639649 
-1.002921 
0.540850 
0.108159 
-0.605876 
-0.438806 
-1.992393 
-0.468485 
-0.282396 
-0.379201 
-0.548090 
-2.002083 
-1.245389 
-0.357079 
-1.295945 
-0.562164 
0.063132 
-2.298459 
-1.296260 
-0.529082 
-1.276120 
-0.798571 
-0.276093 
0.448410 
-1.633216 
0.799367 
0.746052 
-2.178296 
-0.699655 
-0.227630 
-0.507650 
-0.193264 
-1.143049 
-0.559188 
-1.590542 
-1.267315 
-1.480000 
0.105693 
-1.033853 
-1.241569 
-0.626790 
-0.069910 
-1.078715 
-1.798186 
-1.509949 
-0.736872 
-1.830563 
-1.018353 
-1.647645 
-0.106462 
-1.494177 
-1.610531 
0.119627 
-0.100274 
0.174185 
-0.320488 
-0.776888 
0.190497 
-1.370037 
-1.553999 
-1.337810 
-2.889078 
-0.163688 
-0.093781 
-1.704943 
-0.714395 
-0.586748 
-1.667243 
-0.883526 
-1.726182 
-1.437889 
1.956451 
-1.282469 
-0.922731 
-0.396306 
0.056230 
-1.147822 
-0.899517 
-2.157631 
-1.810053 
-0.512514 
-1.349716 
-1.792374 
0.407259 
-0.790364 
-0.978344 
-0.656351 
-1.348427 
-1.906466 
-1.911358 
-0.713835 
-1.118837 
-1.474479 
-1.038792 
-1.498235 
-1.452273 
-0.493624 
-0.091129 
-2.226121 
-0.012689 
-0.206984 
-1.153979 
0.058165 
-0.920583 
-1.304488 
-0.351177 
-2.182490 
-0.287232 
-0.910394 
-1.597145 
-1.009027 
-1.502809 
-1.110469 
-0.949101 
-2.722667 
-1.467251 
-1.660376 
-1.077545 
-1.721276 
-1.387971 
-0.783945 
-1.957614 
-1.587873 
-0.299324 
-0.806572 
-0.665497 
-0.709478 
-1.297208 
1.243871 
-0.156651 
0.864976 
-1.024775 
-0.825451 
-0.857721 
-0.633317 
-0.052085 
-1.138238 
-2.144398 
-1.471922 
-1.152013 
-0.416185 
-0.702231 
-1.868761 
-0.974354 
-2.325806 
0.270171 
-0.847345 
-0.677714 
-1.005961 
-0.471970 
-0.335336 
-2.068251 
-0.690925 
-0.051673 
-0.845711 
0.326496 
-1.429802 
-0.259601 
-1.446077 
-1.059203 
-0.524893 
-1.645912 
-2.422436 
-0.733130 
-0.640007 
-0.394046 
-0.990011 
-0.567273 
-0.398630 
-1.112446 
-3.072465 
-1.576618 
-0.846613 
-1.660570 
-2.348181 
-1.421260 
-1.185336 
-1.805052 
-1.529632 
-2.434674 
-1.033539 
-1.907526 
-0.402728 
-0.819477 
-0.037838 
-1.364012 
-1.581947 
-2.064759 
-0.123137 
-1.650128 
-1.381797 
0.188357 
-0.546321 
-1.013686 
-1.482637 
-0.389403 
-2.249980 
-0.358804 
-1.135665 
-1.227029 
-0.247720 
-1.516249 
-2.521151 
-2.121217 
-1.795241 
-0.610796 
-0.046234 
-1.810530 
-1.343659 
0.349951 
-1.035572 
-1.764321 
0.212234 
-0.671555 
-0.993789 
-1.249282 
-1.114664 
-0.765560 
-0.979643 
-2.396699 
-0.508092 
-1.481525 
-1.428212 
-1.391640 
-1.420634 
-0.590775 
-0.635010 
-1.162616 
-1.616556 
-0.029028 
-0.773942 
-1.324153 
-0.600818 
-0.128870 
-0.426005 
-0.744884 
-1.997153 
-0.665553 
0.347373 
-1.239477 
-1.250205 
-1.263334 
-1.974849 
-0.906025 
-0.117756 
0.386120 
-1.271861 
-1.751438 
-0.420046 
-1.925058 
-1.473079 
-2.027951 
-2.609084 
0.867828 
-0.997652 
-1.735067 
-0.866270 
0.456681 
-1.987219 
-0.213894 
-0.764686 
-1.512347 
-1.435582 
-1.307314 
-1.512978 
-0.449888 
-0.883195 
-0.627617 
-1.880854 
-1.434940 
-1.819885 
-0.997711 
-0.594535 
-1.139320 
-0.901138 
-1.339920 
-2.186770 
-2.188545 
-1.275375 
-1.160815 
0.000363 
-1.180881 
-1.407484 
0.602950 
-1.966795 
-1.960840 
-0.041812 
-1.821347 
-1.246744 
0.315220 
-1.239685 
-1.599995 
-0.654717 
-0.164675 
-1.142717 
0.005898 
-0.205054 
1.069240 
-1.486993 
0.974467 
-1.340312 
-0.991519 
0.512197 
0.667957 
0.186400 
-1.375563 
-1.482638 
-0.900038 
0.036407 
-0.069913 
-0.765077 
-1.822803 
-2.593969 
-1.258589 
-0.856106 
0.049967 
-0.342579 
-0.269024 
-0.501618 
-0.232498 
-1.146444 
-0.808563 
-1.948567 
-1.598890 
-0.570442 
-1.876363 
-1.706614 
-1.603139 
-0.173314 
-1.148082 
-0.703719 
-0.223387 
-0.737615 
-2.258865 
-1.704326 
-0.621514 
-1.239871 
-0.675924 
-0.832565 
-1.993284 
-2.098729 
-1.387995 
-1.028391 
-2.584322 
-0.789713 
-2.269887 
-1.700789 
-0.111946 
-1.320532 
-0.435806 
-1.512426 
0.176952 
-0.612724 
-1.195283 
-0.083598 
-2.239229 
-1.694299 
-0.597604 
-1.270013 
-2.079077 
-1.536789 
-0.533876 
-0.604751 
-0.839621 
-2.348734 
0.225044 
-2.077875 
-0.177342 
-0.021341 
-0.891999 
-1.291162 
0.107072 
-0.475782 
-0.002709 
0.754754 
-1.265832 
-1.319824 
-1.799931 
-1.333363 
-0.554864 
-0.522979 
-0.061633 
-1.102974 
-0.993298 
-2.201314 
-0.664407 
-2.185392 
-0.814888 
-0.449303 
-1.166920 
-1.946498 
-0.986641 
-2.914570 
-1.361584 
-1.519826 
-1.989589 
-0.386543 
-1.641535 
-0.145590 
-0.078402 
-0.066173 
-0.678440 
-0.559858 
-0.919307 
-0.604966 
-1.836197 
-0.063930 
-1.295343 
-1.994674 
-0.599869 
-0.473658 
-0.817890 
-1.051377 
-1.750795 
0.054740 
-0.079601 
-0.972679 
-0.077604 
-1.509926 
-1.080404 
-1.237647 
-1.171987 
-0.673158 
0.336203 
-2.076842 
-2.645606 
-1.285937 
-0.496408 
-1.983868 
-1.189152 
-1.721932 
-2.314407 
-1.778289 
0.422330 
-0.904441 
-1.057371 
-1.999299 
-0.996578 
-0.547233 
-1.104208 
-1.341788 
-0.555780 
-0.567197 
-0.875291 
-0.602922 
-1.137942 
-1.073842 
-1.612874 
-1.204563 
-1.675185 
-1.110854 
-0.681791 
-0.775023 
-2.743872 
-1.428419 
-1.359870 
-1.078719 
0.296597 
-1.107595 
-0.215632 
-0.216410 
-1.182975 
-0.167643 
-1.337899 
-0.280746 
-1.030741 
0.488572 
-1.148512 
-1.178882 
0.177439 
-1.973540 
-1.680940 
-0.165762 
-0.266324 
-0.743297 
-1.200113 
0.151902 
-0.025434 
-2.582971 
0.146554 
-0.759777 
-0.839788 
-1.941456 
-2.479460 
0.219005 
-1.229340 
-1.573545 
-1.249034 
0.526530 
0.284875 
-0.286842 
-0.426662 
-0.834744 
-1.691804 
-1.039899 
-1.063513 
0.120786 
-1.107905 
0.701791 
-0.414029 
0.079304 
-2.258517 
-0.096828 
-0.534639 
-1.269779 
-2.173629 
-1.478510 
0.672364 
-0.237397 
-1.616485 
-1.941505 
-2.037055 
-1.082862 
-1.092845 
-0.667695 
-2.238921 
-1.733698 
-0.871693 
-0.999613 
-0.046658 
-1.142672 
0.792128 
-1.403485 
0.280624 
-1.419396 
-0.648982 
-0.683799 
-0.160934 
-1.229223 
-1.507779 
-0.434309 
-0.656719 
-0.387867 
-2.144812 
-0.549415 
-0.507377 
-1.135179 
-0.649218 
-0.488738 
-0.026607 
-2.365697 
-0.837662 
-1.480695 
-0.899324 
-0.965358 
-1.685974 
-2.462966 
-0.868516 
-1.943871 
-1.728983 
-1.173199 
-0.138350 
0.236294 
-0.685135 
-0.295771 
-1.743134 
-1.065622 
-1.452084 
-1.015328 
0.033034 
-1.199938 
-0.826217 
-1.530922 
-1.272996 
-1.059793 
-0.681744 
0.102949 
-1.534856 
-2.717911 
-0.507715 
-1.665777 
-2.215676 
-1.133041 
-0.919550 
-1.074681 
0.244102 
-0.271095 
-1.376261 
-1.381566 
-1.626076 
-1.245649 
-1.571203 
-0.559795 
-0.598062 
-0.421599 
1.254643 
-1.192697 
-0.803603 
-1.510581 
-1.236644 
-0.880963 
-1.307583 
-1.542455 
-0.271133 
0.361972 
-1.254543 
-0.090937 
-2.044937 
-1.381857 
-0.674680 
-0.771210 
-3.213393 
-1.084884 
-0.471350 
-1.858645 
-1.168199 
-0.702786 
-1.017057 
-0.565669 
-0.010122 
-0.591410 
-2.129805 
-0.539587 
-1.529817 
-1.494079 
-0.879629 
-0.895671 
-1.181446 
-0.444263 
-0.472955 
-1.549423 
-1.045424 
-2.522826 
-0.975248 
-1.917651 
0.627739 
-2.105986 
-0.496235 
-1.456131 
0.129340 
-0.490872 
-0.537656 
-0.557598 
-2.381068 
0.648670 
-1.631749 
-1.482097 
-2.163528 
-1.146790 
-0.600005 
0.287451 
0.282785 
-2.615997 
-0.583112 
-0.553804 
-0.609381 
-0.547440 
-0.967505 
-0.627457 
-1.611816 
-1.614237 
-0.705938 
-1.209803 
-1.333999 
-0.928547 
-0.734805 
-0.898409 
0.201962 
-0.385174 
0.406745 
-1.989345 
-1.852777 
-0.464811 
-1.257298 
-0.313017 
-0.726768 
-0.309218 
-0.030312 
-0.022241 
-2.001003 
-0.845440 
-1.076661 
-2.723032 
-1.519404 
-0.616976 
-1.830521 
-1.561228 
-1.159473 
-0.381123 
0.368505 
-1.375097 
-0.838874 
-0.522643 
-2.218708 
0.718131 
-0.670789 
-0.822933 
-0.449123 
-1.298375 
-1.175592 
-2.293686 
-0.673352 
-1.129236 
-0.240040 
-0.427609 
-0.779826 
-0.655975 
0.285761 
0.552778 
-1.947331 
-2.320699 
0.365525 
-1.162230 
-1.953009 
-1.977762 
-1.237317 
-2.320784 
-1.248943 
-1.149142 
-0.186562 
0.232824 
-1.143596 
-1.542064 
-0.096919 
-1.760219 
-0.233127 
-1.875192 
-0.410513 
-1.538022 
0.043692 
-1.237868 
-0.648645 
-0.516749 
-1.137280 
-0.462661 
-0.745988 
-0.670516 
-0.034217 
-1.921949 
1.011420 
0.048831 
-2.039140 
-1.118266 
-0.690992 
-0.340641 
-1.911265 
-0.227488 
-0.252231 
-0.038541 
-1.610311 
-1.164178 
-1.707869 
-2.125913 
-0.650481 
-0.433033 
-1.385313 
-0.454202 
-1.098645 
-1.443098 
-0.733687 
-0.170144 
-1.477260 
-1.456085 
-2.193973 
0.012095 
-0.783083 
-1.972007 
-1.800396 
-1.459674 
-1.561294 
0.554299 
-0.677077 
-0.489241 
-0.630101 
-1.031045 
-0.068967 
-1.162736 
0.268614 
-1.252193 
-1.754164 
0.168571 
-0.869384 
-1.270187 
-0.643421 
-1.793144 
-0.961065 
-1.432605 
-1.803653 
-0.098091 
-0.707793 
-0.964334 
-1.368009 
-0.678023 
-0.273523 
-1.156628 
-1.035843 
0.632630 
-1.441308 
-0.760749 
-0.861259 
-0.236881 
-0.498094 
-0.586798 
-0.760797 
-1.268283 
-1.411800 
-2.109176 
-0.853279 
-2.169620 
-1.844093 
-1.514327 
-0.648314 
-1.668472 
-0.966205 
-0.916387 
-1.395507 
-0.823244 
-0.525579 
0.349740 
-1.116046 
-0.567189 
-0.608205 
-2.038981 
-0.260542 
-0.424297 
-0.493956 
-0.101765 
-2.665951 
0.976028 
-1.514143 
-1.274510 
-1.043578 
-1.149790 
0.089255 
-1.256266 
-0.306539 
-1.683175 
-1.378883 
-1.056946 
-0.135279 
-0.251252 
-1.052988 
-2.177333 
-1.492042 
-2.013631 
-0.880374 
-0.656767 
-1.575500 
-1.673486 
-1.972957 
-0.732208 
-0.572653 
-1.464214 
-1.728818 
-1.851104 
-1.159640 
-0.522536 
-0.984629 
-1.656884 
-0.612854 
-1.393370 
-1.423767 
-1.640700 
-0.460991 
-0.287211 
-1.286754 
-0.803917 
-0.166837 
-1.956449 
1.312950 
-1.246918 
0.434037 
-2.032154 
-1.883987 
-0.378175 
-0.341436 
-1.070272 
-0.716257 
0.962697 
0.178219 
-1.124250 
-1.288259 
-0.735439 
-0.705297 
-1.652599 
-0.092021 
-1.124865 
-1.815549 
-2.035694 
-0.486647 
-1.419785 
-0.406674 
-1.115866 
-2.075508 
-0.725271 
-0.040082 
-0.915947 
-0.484202 
-1.274880 
-1.321629 
-2.130823 
-0.894524 
-0.726693 
-0.740077 
-0.585213 
-0.278370 
-0.447454 
-1.063828 
-1.699800 
-1.109819 
-1.089701 
-0.568601 
-0.611644 
-1.244733 
-1.814450 
-0.865728 
-1.540766 
-1.680598 
-1.017137 
-0.914273 
-0.943019 
-1.360332 
-1.377347 
-0.384999 
-1.132669 
0.701543 
-0.677526 
-1.285308 
0.484444 
-0.793122 
-0.199631 
-2.333558 
-0.968572 
-1.341530 
-0.649278 
-1.108683 
-2.832508 
-0.570033 
-1.271671 
-1.811423 
-1.449989 
0.025234 
-0.385090 
-1.696586 
-2.138835 
-2.049519 
-1.490187 
-0.829580 
-0.574219 
-0.892894 
-1.711776 
-1.132109 
-0.911200 
-0.509059 
-1.184742 
0.554207 
-1.106865 
-0.149290 
-0.454500 
-1.359196 
-0.053663 
-1.726106 
0.733381 
-0.399720 
-0.011850 
-0.965592 
0.312840 
-0.619968 
-3.263882 
-1.324991 
-1.680663 
-1.882892 
-0.675698 
-0.805405 
0.532500 
-0.203547 
-1.382636 
-0.656105 
-1.401032 
-1.386450 
-0.667583 
-1.397025 
0.024076 
-0.543741 
-1.942377 
-1.693520 
-0.675339 
-1.915296 
-1.207713 
-1.893605 
-1.551854 
-1.040278 
-0.606704 
-0.456701 
-0.345265 
-1.968410 
-0.978546 
-2.948504 
-0.611452 
-1.481793 
-0.520421 
-1.553509 
-0.480436 
0.919907 
-0.183920 
-1.819178 
-0.409445 
-1.419118 
-0.188972 
-1.471249 
-1.574092 
-0.399396 
-1.853629 
-1.982201 
-1.140049 
-0.796891 
-0.554631 
-0.278002 
-1.831179 
0.196420 
-2.726670 
-2.727517 
0.225831 
-1.271680 
-2.086810 
-0.428415 
-0.620569 
-1.518427 
-0.949045 
-0.805692 
-1.311194 
-1.508605 
0.193365 
0.070343 
-0.778903 
0.097719 
-0.932781 
1.805815 
1.113417 
-1.790229 
-1.680835 
-0.940889 
-2.169575 
-0.038543 
-0.446959 
-0.655854 
-0.106587 
-1.027236 
-1.565427 
0.180945 
-1.402997 
-1.331759 
-2.100503 
-0.678792 
0.510467 
-1.071123 
-0.679634 
-1.943644 
-1.425766 
-0.330686 
1.208484 
-2.423951 
-1.760651 
-2.795214 
-2.536121 
-0.745919 
-0.203460 
-1.240357 
-0.537129 
-1.402521 
-1.835525 
-0.403516 
-1.772449 
-1.372496 
-2.124397 
-0.313326 
-0.666437 
-1.446020 
-0.992303 
-2.022056 
-1.256346 
-0.216810 
-0.965074 
-0.592035 
-2.198504 
-0.195119 
-2.073266 
-1.413387 
-1.956800 
-1.422260 
0.420976 
-1.418228 
-0.475657 
-0.216732 
-1.789214 
-1.594262 
-0.440106 
-1.333398 
-0.883215 
-1.032826 
-0.314286 
-0.205339 
0.812878 
-1.399167 
-0.744289 
-2.160847 
0.549964 
-1.469893 
-1.356207 
-1.715037 
-1.032488 
-0.981523 
-2.709856 
-1.736028 
-0.925818 
-2.125461 
-0.299641 
-0.038248 
-1.159023 
-1.911588 
-0.059183 
-1.615089 
-1.811804 
-2.241415 
-1.139903 
0.161932 
-1.115372 
-1.078656 
-1.886868 
-1.526467 
-0.660331 
0.401290 
-1.039438 
-0.804867 
-2.683893 
-0.765939 
-1.664459 
-2.698905 
-2.521135 
-1.210234 
-1.505060 
-0.145034 
0.551369 
-1.203114 
-1.854407 
-1.584196 
-1.809465 
-3.048014 
-0.695663 
-2.067079 
-1.239613 
-0.809496 
-0.491628 
-0.590105 
0.142024 
-1.022179 
-0.806427 
-0.695838 
-0.667989 
-1.679298 
-0.320342 
-1.319828 
-0.492837 
-0.882907 
-1.019124 
-0.928931 
-0.627048 
-0.449977 
0.148772 
-0.301435 
0.152348 
-0.783919 
0.219600 
0.281872 
-1.183913 
-0.532828 
-2.266606 
-0.703592 
-1.448322 
-0.465844 
-1.537880 
-2.514625 
-0.984337 
-0.607001 
-1.074671 
-1.658310 
-1.617380 
0.698372 
-0.361771 
-1.168637 
-0.215468 
-1.072238 
-1.389921 
-2.848187 
-0.833010 
-0.980156 
-0.412003 
-0.746111 
-1.772474 
-0.209096 
-0.651137 
-0.706856 
-0.536274 
-0.626749 
-0.618997 
-0.086477 
-0.505336 
-1.551498 
-1.996355 
-1.654410 
-1.213174 
-1.200491 
-0.721441 
-2.375910 
-0.535154 
-1.810437 
-0.427636 
-0.812478 
-0.938521 
-0.872836 
0.496385 
-0.349443 
-0.941884 
-0.902246 
-1.180322 
-1.252519 
-1.238798 
-0.298458 
-0.673205 
-1.808672 
-2.301375 
-0.147715 
-0.790031 
-2.108769 
-1.712886 
-1.239296 
-0.465159 
-1.700501 
-1.703571 
-0.629379 
-0.988754 
-0.375703 
1.230172 
-0.193772 
-2.444889 
-1.358709 
-1.494669 
-2.278164 
-2.546400 
-0.945304 
-1.335250 
-0.195932 
-0.223445 
-1.025320 
0.267292 
-1.011240 
-1.447194 
-1.552500 
-3.291152 
-0.634118 
-0.534209 
0.277925 
-0.405036 
-1.211630 
0.673388 
0.538156 
-0.763677 
-1.418138 
-0.762295 
-1.538846 
-1.346554 
-0.391943 
-1.389962 
-1.344395 
-2.209806 
-2.039774 
-0.923633 
-0.556459 
-2.118854 
-0.897697 
-1.418354 
-0.945628 
-0.812827 
-0.569566 
-2.577880 
-0.737034 
-0.695194 
-1.173795 
-1.002965 
-1.555143 
-0.600297 
-1.269484 
-0.632477 
-0.496048 
-1.142592 
-0.874566 
1.081904 
-0.645245 
-1.430712 
-0.481234 
-1.854850 
-2.122228 
-0.427830 
-1.082244 
1.364570 
0.543178 
0.292618 
-0.615209 
-1.576125 
-2.747203 
1.210400 
-1.557675 
-1.012122 
-1.798718 
-0.396900 
-1.613006 
0.063433 
-0.227495 
-0.567464 
-0.302869 
-2.066997 
-2.072305 
-0.649006 
0.077814 
-1.371619 
-1.349501 
-0.589523 
-2.044212 
-0.986504 
0.733405 
0.279031 
-1.353830 
-0.979159 
0.322639 
-0.891183 
-1.221153 
-1.209483 
-0.794606 
-2.178671 
-1.711589 
-1.018585 
-1.733355 
-0.647750 
-0.673937 
-1.367075 
-1.156573 
-1.529876 
-1.343805 
-0.118619 
-1.132261 
-2.706204 
-0.674184 
-0.310345 
-1.599342 
-1.546515 
-1.082055 
-3.122512 
-1.212324 
-0.584284 
-1.041310 
-0.699235 
-1.959265 
-0.369809 
-1.747462 
-1.635645 
-1.204866 
-1.793855 
-2.297221 
-1.301790 
-1.103210 
-0.853377 
-0.375209 
0.398835 
-0.982057 
-0.184749 
-0.852291 
-0.228893 
-1.250658 
-3.094224 
-1.937962 
-1.295857 
-1.262929 
-1.438832 
-0.550622 
-3.596472 
-1.856752 
-0.307292 
-0.426506 
-1.647960 
-0.415315 
0.073329 
-0.339188 
-1.365070 
0.439768 
0.585515 
-0.774919 
-1.064052 
-0.091686 
0.086283 
-0.458744 
-0.395202 
-0.347052 
-0.378051 
-1.274932 
-0.677146 
-2.142974 
-0.702860 
-2.106718 
-1.020928 
-2.090428 
-0.633749 
-2.557607 
-1.019219 
0.025178 
-1.137831 
0.247262 
-1.297571 
-0.011797 
-0.971512 
-0.522754 
-2.036543 
-0.490145 
-1.405194 
-1.514135 
-0.419284 
-1.908496 
-1.103370 
-0.894272 
-1.328741 
-0.489797 
-1.940308 
-1.266739 
-0.983352 
-1.659897 
-0.643666 
-0.943202 
-0.936628 
-2.439462 
-0.691135 
-1.342161 
-0.826919 
-0.560964 
-0.581911 
-0.312707 
-0.167009 
-0.356168 
-1.298980 
0.391133 
-1.686735 
-1.482774 
-1.283869 
-0.501549 
-0.184721 
-1.506002 
-0.138371 
-2.053636 
-0.477257 
-1.979019 
-0.929637 
-1.684878 
-1.384494 
-1.536465 
-0.015216 
-1.089785 
-0.423861 
-2.307309 
0.142833 
-1.604344 
-2.169075 
-0.741390 
0.022821 
-1.504141 
-0.934122 
-1.059394 
-0.110698 
-0.433463 
-1.896355 
-1.804687 
-0.539634 
-1.399755 
-0.014785 
-1.120195 
-1.364144 
-1.792924 
-0.721473 
-1.240201 
-0.997533 
-0.058049 
-0.765827 
-0.455778 
-0.681768 
-0.041462 
-1.093813 
-0.660713 
-1.137620 
-0.969865 
-0.801705 
-1.061247 
-2.414640 
-0.160130 
-1.017248 
-0.299898 
-0.118682 
-2.561190 
-1.880280 
-1.056953 
-0.200494 
-0.657295 
-0.629392 
-0.956394 
0.266172 
-1.431290 
-1.537350 
-1.435762 
0.059378 
-1.481064 
-1.675539 
-0.454619 
-0.384288 
-0.946887 
-0.952815 
-0.568171 
-0.902944 
-0.649443 
-3.039585 
-2.383625 
-1.615110 
-1.436777 
-1.518602 
-0.934172 
-1.909084 
-0.671496 
-0.659663 
-0.766795 
-0.669376 
-0.979724 
-1.498072 
-0.555702 
-1.410511 
-1.351308 
-0.905091 
-1.167578 
-0.655755 
-1.336853 
-1.032401 
-0.094139 
-0.427848 
-0.975434 
-0.593335 
-0.657737 
-1.139909 
-1.662512 
-1.086079 
-1.254716 
-0.247139 
-1.759218 
-1.048146 
-2.592612 
0.797992 
0.084244 
0.523353 
-0.115601 
-2.396759 
-1.591771 
1.161918 
-0.958697 
-0.151318 
-1.028374 
-1.727390 
-0.800657 
-0.435321 
-1.672177 
-0.493886 
-2.465334 
-0.872827 
-1.516469 
0.999360 
-2.107426 
-1.867196 
0.218319 
-0.512202 
-1.461988 
-1.051165 
-0.589682 
-1.884653 
-1.026331 
-0.866310 
-0.039398 
-0.581566 
0.624267 
-1.045143 
-1.513075 
-1.014957 
-2.622099 
-0.591297 
-0.750038 
-1.280495 
-0.923467 
-0.512909 
-0.280367 
-0.333704 
-0.903932 
0.066843 
-0.334359 
-1.975053 
-1.099424 
-1.180045 
-0.380515 
-2.314611 
-1.832228 
-1.748398 
-1.586576 
-1.288999 
0.930957 
-1.036331 
-2.792499 
-1.129234 
-0.147203 
-1.955081 
-1.488579 
-1.031723 
-0.660927 
-0.358180 
-0.899271 
-1.083535 
-0.451361 
-1.184137 
-1.576394 
0.390853 
-0.763980 
-1.482047 
-0.437765 
-1.087060 
0.031323 
-1.550263 
-1.093254 
0.439451 
-0.953578 
-1.201435 
-1.958287 
-1.455076 
-0.638443 
0.103353 
-1.918540 
-1.770439 
-1.760371 
-1.383324 
-1.395473 
0.651887 
-0.918829 
-0.420941 
-2.693615 
1.194877 
-0.122977 
-1.632299 
-1.952125 
-0.012779 
-0.639232 
-1.135998 
0.040271 
-1.432721 
0.017433 
-0.519176 
-0.873094 
-1.027982 
-0.450325 
-2.980067 
0.689145 
0.456541 
-0.520132 
-0.267231 
-0.420541 
-1.157936 
-0.099926 
-1.931526 
-0.209638 
-0.264071 
0.503256 
-0.054090 
-2.090197 
-2.147400 
-1.501717 
-1.158783 
-0.845459 
-1.144962 
-0.904658 
-0.857949 
-0.947112 
0.017020 
-0.107031 
-1.809319 
-0.044249 
-0.777038 
-2.611458 
-0.557272 
-0.233472 
-1.269052 
-1.807949 
-2.474080 
-2.037843 
-1.871130 
-1.140684 
-0.986078 
-1.989418 
0.002642 
-0.745574 
-0.284455 
-2.242971 
-0.352082 
-1.331483 
-2.032525 
-2.705182 
0.192384 
-0.256182 
-0.717897 
-1.537507 
-1.129232 
-0.838243 
-2.257613 
-2.826286 
-1.373026 
-1.103352 
-2.076842 
0.110744 
-0.018924 
-0.442293 
-2.792905 
-1.566172 
-1.177566 
-0.692910 
-0.685088 
0.496575 
-1.372780 
-0.569220 
-1.386734 
-2.138548 
-0.846118 
-0.137861 
-0.973843 
-0.955845 
-1.115281 
-1.712427 
-0.276576 
-0.274250 
-1.137955 
0.664430 
-0.842310 
-1.581253 
-1.372351 
-0.633510 
-1.440916 
-0.213406 
0.056047 
-1.656783 
-0.846186 
-1.556696 
0.561088 
-1.466388 
-1.895687 
-0.015744 
-0.915628 
0.272414 
-1.815430 
-0.694087 
-0.025197 
-1.705955 
-1.589809 
-0.467099 
-0.108908 
0.357387 
-0.067378 
-1.090834 
-2.104258 
-0.230546 
-0.736125 
-1.730406 
-0.871542 
0.499722 
-1.055831 
-1.802312 
-1.121140 
-1.186505 
-1.816917 
-0.405192 
-1.350871 
-2.158355 
-0.078058 
-0.406735 
-2.133413 
-0.695250 
-0.596388 
-1.501820 
-0.021210 
-0.814705 
-2.211278 
-2.215476 
-1.387227 
-1.668913 
-0.721633 
-0.868835 
0.419220 
-2.728786 
-0.677437 
-2.238853 
-0.983831 
-0.919630 
-1.550440 
-0.361669 
-0.923254 
-0.935355 
-1.220302 
0.357165 
-0.863841 
-3.272774 
0.794157 
-1.699323 
0.096721 
-0.693198 
-1.030435 
-0.821210 
-2.249980 
-2.912310 
0.985887 
-1.078831 
0.000605 
-0.630750 
-0.123953 
-0.052370 
-0.163031 
-0.350781 
-1.468169 
-0.366826 
-1.179131 
-1.097855 
-1.726190 
-1.582397 
-0.605156 
-0.342940 
-1.734378 
-0.476059 
0.557583 
-0.492081 
-1.917645 
-0.667302 
0.284855 
-1.618251 
0.082413 
-0.184474 
-1.286287 
-0.964416 
-0.662559 
-1.882266 
-0.674083 
-0.497577 
-0.760429 
-1.428616 
0.042492 
-1.428540 
0.286045 
-0.003850 
-2.123961 
-0.961058 
-0.846035 
-1.464091 
-1.382493 
-1.753604 
-1.010466 
-0.653506 
-0.582914 
-0.784330 
-0.321772 
0.721045 
-0.382306 
-0.164037 
-0.970431 
1.019225 
-1.742343 
-2.093540 
-1.273023 
-0.111689 
-0.692547 
-0.883975 
-0.901469 
-1.308347 
-1.107005 
-0.042063 
0.193009 
-2.124267 
0.382789 
-1.055280 
-1.808490 
0.374338 
-2.240670 
-0.460403 
-0.126413 
-1.006635 
-0.988176 
-0.017213 
-0.953257 
-2.350866 
-0.627147 
-0.276479 
-0.490734 
-1.412386 
-1.014425 
-0.589755 
-1.954158 
-1.325199 
-1.195879 
0.224650 
0.361554 
-1.577843 
-1.366778 
0.398834 
-2.163077 
0.285925 
-1.238525 
-1.466151 
-0.293988 
-0.952721 
0.027843 
-0.536466 
-0.179061 
-0.751004 
-1.127488 
-1.296958 
0.451642 
-2.594884 
-2.140289 
-0.789877 
-0.868332 
-0.785304 
0.085315 
-0.942324 
-0.576569 
-2.315036 
-0.589024 
0.191552 
-1.221184 
-1.139394 
-0.695583 
-1.625958 
-1.193404 
-1.286054 
-1.411467 
0.546409 
-0.381698 
-1.898567 
-0.311051 
-1.324418 
0.723453 
-1.258357 
-1.629842 
-0.214365 
-1.066343 
-0.363004 
-0.765764 
-0.069066 
-0.340889 
-0.294798 
-2.097835 
-0.528581 
-1.704219 
-1.338153 
-0.668470 
-2.158239 
-2.436865 
-1.170084 
0.143295 
-0.404063 
-0.941817 
-0.607092 
-1.125898 
-1.206203 
-1.634019 
-0.916290 
-0.538213 
-2.107787 
-1.410272 
0.007650 
0.239232 
-0.460755 
-1.381482 
-0.973398 
-0.028943 
-1.694443 
-1.151550 
-1.437800 
0.225875 
-0.956521 
-0.749094 
-1.474752 
-0.967504 
-1.681154 
-0.689871 
-0.954839 
-0.434124 
-1.419686 
-1.011125 
-1.523747 
-2.449085 
-2.748136 
-0.784642 
-1.171314 
-1.447249 
-2.037643 
-0.500762 
-0.422582 
-0.445822 
-0.250692 
-0.875500 
-1.503319 
-1.549311 
-0.947341 
-0.706741 
-2.360959 
0.268607 
-0.777445 
-0.991015 
-0.541660 
-1.637422 
-1.344245 
-1.783259 
-0.618512 
-2.352388 
-1.885121 
-1.647373 
-2.322951 
-0.634273 
-2.420590 
-0.336595 
-1.319285 
-1.085984 
-0.397020 
-1.719036 
-0.322618 
-2.945208 
-0.366256 
-0.584262 
-0.368531 
-0.777050 
-2.673931 
0.902009 
-0.033230 
-0.677461 
-0.926984 
-0.137922 
-0.286639 
-0.676623 
-1.371169 
-1.121239 
-0.535357 
-1.245884 
-0.266574 
-1.044919 
-0.612531 
-2.285727 
-0.558006 
-0.661223 
-1.464282 
-1.632143 
-0.975096 
-0.842332 
-1.172449 
-1.874326 
-0.638773 
-1.621375 
-1.974357 
-0.837537 
-1.975978 
-0.367432 
-1.566997 
1.221594 
0.271820 
-0.368055 
-0.480981 
-3.410151 
-1.312295 
0.302275 
-0.768016 
-1.237028 
-0.258534 
-1.547684 
-1.714979 
-0.317844 
-0.476193 
-1.395392 
-1.197142 
-2.559851 
0.402604 
-0.520558 
-2.009593 
-1.175539 
0.313402 
-2.181375 
-1.874120 
-0.369131 
0.310435 
-1.346129 
-1.285625 
-0.855956 
-2.704047 
-0.884239 
-0.645834 
-2.100178 
0.597252 
-0.616655 
-1.198518 
-2.053486 
-1.634706 
-0.450219 
-1.023404 
-0.457927 
-1.276872 
-1.337326 
-1.907677 
0.312615 
-1.437595 
-0.033816 
-0.379341 
-0.256208 
-0.486416 
-2.031755 
-0.486429 
-0.937730 
0.457782 
-1.795878 
-0.195374 
-1.208209 
-1.118789 
-1.634557 
-1.438920 
-0.405520 
-1.364507 
-2.113716 
-0.801907 
-0.021786 
-1.725090 
-2.591488 
-0.657368 
-0.575700 
-0.575023 
-0.215124 
-1.508415 
-0.558494 
-0.631534 
-1.646064 
-1.244253 
-0.812217 
-1.153179 
-0.043837 
0.033562 
0.323359 
-2.331314 
-0.635702 
-0.008284 
-0.481865 
-0.027879 
-1.907460 
-0.459670 
-0.565503 
-1.543890 
-0.979062 
-2.025837 
-0.973985 
-0.667962 
-0.116707 
-0.921202 
-0.677343 
-0.764697 
-1.984927 
-0.540790 
-1.658489 
-2.117624 
-0.404448 
-2.673241 
-0.972029 
0.103908 
-1.194974 
-1.267975 
-0.512958 
1.087149 
-1.244175 
-1.137275 
-1.519671 
-1.003944 
-1.352038 
-2.193524 
-1.505994 
-2.315154 
-0.645615 
-3.063065 
-1.175618 
-1.981223 
-1.000919 
-0.968350 
-0.656290 
-1.198351 
-0.381318 
-1.118706 
-1.191302 
-1.681344 
-1.084188 
-2.289924 
-0.479372 
-1.319099 
-2.726634 
-1.590154 
-1.885252 
-2.929458 
-1.542510 
-0.555688 
-0.814932 
-1.250940 
0.341284 
-1.166112 
-0.606530 
-0.251509 
-1.094566 
-1.789165 
-1.594953 
-1.170337 
-1.741354 
-0.898093 
-0.063719 
-1.501690 
-1.127081 
-1.854363 
-0.700274 
-0.451845 
-1.171592 
-2.704790 
0.358957 
-1.442597 
-3.173949 
-0.408867 
-0.103814 
-0.393679 
-0.776991 
-0.446978 
-0.855831 
-0.235733 
-0.758077 
-1.225496 
-1.384326 
-0.693158 
-2.783777 
-1.603518 
-1.697653 
-2.035665 
-1.002469 
-1.277734 
-0.759799 
-1.374708 
-0.647889 
0.182803 
-1.016612 
-2.124695 
0.403765 
-1.212759 
-0.223462 
-0.256905 
1.563144 
-1.266809 
-1.099395 
-1.465237 
-2.037792 
-1.673935 
-0.994221 
-0.222606 
-1.438454 
-1.182897 
-1.470058 
-2.581996 
-1.798106 
-1.993313 
0.107441 
-0.060795 
0.438673 
-1.476134 
-0.121512 
-0.535954 
-0.855285 
0.237565 
-1.379553 
-1.221971 
-0.902063 
-1.382615 
-1.112918 
-0.347329 
0.503438 
-1.785291 
-1.668265 
-1.882146 
-0.872313 
-0.918097 
-2.241678 
-1.165693 
0.003400 
-0.892138 
-0.528951 
-0.243474 
0.213628 
-1.867131 
-0.773105 
0.574545 
0.005879 
-1.746956 
-0.383485 
0.179792 
-1.348008 
-2.221106 
-1.784208 
0.318109 
-1.039214 
-0.160487 
-3.421012 
-0.369103 
-0.485860 
-0.301566 
-1.771798 
0.227094 
-1.498775 
-0.118768 
-1.204820 
0.417453 
1.080766 
-1.708743 
-1.269065 
-1.439378 
-1.011186 
-0.368300 
0.875487 
-0.639591 
-1.841778 
-2.436409 
-1.345211 
-2.201159 
-2.199475 
-0.479014 
-1.776959 
-2.383447 
-1.419812 
-1.217843 
-0.911996 
-0.644303 
-0.744850 
-1.958098 
-1.747575 
-0.279251 
-2.370171 
-1.250831 
-0.778155 
-1.241160 
-1.771895 
-2.528966 
-1.554044 
0.226336 
-1.901596 
-1.703490 
-0.171575 
-1.175281 
-0.304061 
-0.190152 
-1.944355 
-0.228407 
-0.932837 
-1.427305 
0.100240 
0.074958 
-0.262350 
-0.375115 
-1.643724 
-0.884636 
-1.499513 
-1.991126 
-0.642633 
-1.026228 
-0.897242 
0.603208 
-0.213980 
-0.066300 
-1.889186 
-0.681525 
-1.291450 
-0.676815 
-1.149107 
-1.920935 
-1.181584 
-0.528459 
-1.150558 
-0.967997 
-1.573291 
-1.483309 
-0.465170 
-0.754463 
-0.137598 
-0.310940 
-0.305576 
0.226963 
-0.590665 
-2.773198 
-2.233270 
-0.942966 
-2.769299 
-0.461381 
0.316972 
-0.305829 
-2.049600 
-2.055029 
0.212481 
0.786460 
-1.586095 
0.497597 
-0.528420 
-1.755283 
-0.171760 
0.745403 
-0.798837 
-0.407514 
-1.699288 
-1.222859 
-1.228158 
-1.239277 
-1.348188 
-0.393708 
-0.620498 
-2.643438 
-0.330072 
0.286194 
-3.626330 
-2.477364 
-0.261333 
-1.815971 
-0.010795 
-1.156855 
-1.745769 
-1.766263 
-1.250142 
-1.322384 
-1.102575 
-0.385504 
-1.974420 
-0.687705 
-1.864318 
-0.634173 
-1.546400 
-1.615729 
1.443475 
-0.525731 
-1.074426 
-1.419583 
-1.832463 
-1.732638 
-1.230921 
-0.237843 
-1.440167 
-2.072884 
-0.754677 
-0.567999 
-1.475667 
-2.283430 
-0.291463 
-1.993084 
-0.745414 
-1.134192 
-1.079598 
-0.971063 
-2.239908 
-1.214036 
-0.556160 
-0.794243 
-1.100144 
0.041559 
-0.918284 
0.054813 
-1.509432 
-0.124973 
-1.303209 
0.738513 
0.083654 
-0.746260 
0.365600 
-0.022820 
-0.097200 
-0.749618 
0.109824 
-1.378968 
-0.977774 
-0.556404 
-0.131647 
-1.420940 
-1.074989 
0.678967 
-0.912859 
0.052004 
0.370677 
-1.511140 
-1.534131 
-1.361578 
-1.605662 
-0.180083 
0.841912 
-0.424810 
-1.870901 
-1.992984 
0.435626 
-0.645411 
-1.097490 
-0.558286 
-0.862267 
-1.118854 
0.164479 
0.447446 
-0.349375 
-0.458390 
-1.066116 
-0.229911 
-2.273734 
-1.429962 
-0.973083 
0.554766 
-1.532681 
0.239574 
-1.328381 
-0.171467 
-1.697774 
-1.066437 
-0.941682 
0.114452 
-1.215722 
-0.514357 
-0.599466 
0.317781 
-1.018979 
-0.289212 
-1.653019 
-0.531249 
-2.379913 
-0.369132 
-1.704655 
-0.007225 
-0.962148 
0.660057 
0.550830 
0.266148 
-0.781014 
-1.958670 
-2.090176 
-1.143111 
0.135377 
-2.664895 
-2.473203 
-1.869229 
-0.554525 
-0.357883 
-1.006305 
-3.326543 
0.033817 
-0.253505 
0.503404 
-1.035423 
-1.404475 
-0.077055 
-1.401811 
-1.493953 
0.437884 
-2.130948 
-0.236841 
-1.558962 
-1.335672 
-3.117006 
-1.536860 
-1.354530 
-0.321067 
-1.960689 
-1.017753 
-2.620877 
0.390663 
-0.768265 
-0.562186 
-0.604743 
-1.230092 
-0.638359 
-1.839647 
-1.271199 
-1.954482 
-1.955486 
-1.117155 
-0.712636 
-1.036880 
-1.507015 
-1.192874 
-1.079719 
-0.848083 
-1.305859 
0.628424 
-1.933970 
-0.231421 
-1.618033 
-1.519674 
-1.103432 
-0.267413 
-2.211772 
0.305152 
-1.063614 
-1.240687 
-1.152218 
-0.681122 
-0.506039 
-0.920817 
-1.131383 
0.207281 
-0.890241 
-1.296654 
-1.518592 
-0.222402 
-0.803230 
-1.514030 
0.012566 
-1.415648 
-0.562469 
-1.335340 
0.208786 
-0.710654 
-1.566475 
-0.959041 
-1.381673 
-0.835111 
-1.042965 
-0.683205 
-0.556709 
-1.691390 
-1.305425 
-0.257418 
-1.040533 
-1.045811 
-0.545301 
-2.023168 
-0.337781 
-0.176493 
-0.883477 
-2.024384 
-1.563743 
-1.045965 
-0.864969 
-0.563163 
-1.265803 
-1.368903 
-0.464656 
-1.788231 
-1.322448 
-3.114152 
-0.091304 
-1.967201 
-0.560792 
-1.034732 
-2.046805 
0.075644 
-0.996145 
-0.100416 
-1.518874 
-1.265062 
-1.742946 
-1.033669 
-0.709091 
-1.100814 
-1.127980 
-2.857786 
-0.618308 
-1.081480 
-2.453541 
-0.831251 
-1.912674 
-0.598164 
-1.343606 
-0.907879 
-1.181773 
-1.288687 
0.256422 
-0.138232 
-0.919249 
-2.068928 
-1.668029 
-1.058419 
-0.722647 
-0.980813 
-1.213701 
-1.441686 
-2.208754 
-1.849508 
-1.203707 
-0.606945 
-0.509211 
0.179798 
-2.256719 
-0.745208 
-0.487135 
-0.210569 
-1.426159 
-1.260228 
-2.501086 
-1.227422 
-1.618452 
-2.415560 
-1.589779 
-0.332933 
0.718941 
-0.245854 
-0.979097 
-1.617225 
-1.643644 
-0.044198 
-1.106163 
-0.790515 
-0.780481 
-1.036538 
-1.916408 
-1.970969 
-1.655866 
-0.813865 
-0.053196 
-1.605353 
-1.068640 
-1.394322 
-1.114108 
-2.014286 
-0.497293 
-1.033872 
-3.105809 
-0.352304 
-0.308096 
-0.924139 
-0.421865 
-2.111131 
-1.765921 
-1.231839 
-1.127540 
0.664238 
-2.255791 
-0.498750 
-0.667340 
-0.315483 
-1.763835 
-0.870776 
0.549077 
-1.953601 
-1.301807 
-0.486387 
-0.383783 
-0.206935 
-2.129034 
-2.188987 
-1.955646 
-1.405975 
-2.783042 
-1.358967 
-1.432227 
-1.079466 
-1.206175 
-0.056298 
-0.326837 
-0.051686 
-0.795324 
-0.643203 
-0.992891 
-1.044827 
-0.483357 
-0.414207 
-0.895810 
-1.008815 
-0.288609 
-1.353680 
-1.473866 
-0.823964 
-1.528615 
0.884860 
-1.111047 
-0.162196 
-1.329700 
-0.384194 
-0.897094 
-0.004365 
-1.213721 
-1.150164 
-0.764799 
0.605842 
-0.500061 
-1.624737 
0.080949 
-1.279377 
-2.551474 
-1.312256 
-0.906347 
-0.549434 
-1.225265 
-0.793546 
-1.877296 
-1.299805 
-0.809522 
-2.272960 
-0.389422 
-2.171124 
-1.142010 
-0.048964 
-0.676272 
-1.735961 
-1.123219 
-0.502815 
0.544443 
-1.000790 
-0.603693 
-1.519548 
-1.251480 
-0.420459 
-2.835835 
-2.165243 
-0.967836 
-0.646540 
-1.239565 
-0.577573 
-2.155883 
-1.233904 
-1.744411 
0.356084 
-1.854230 
-1.880408 
-0.035747 
-0.303869 
-2.182598 
0.222848 
-2.234194 
-1.074869 
-1.095677 
-0.461425 
-1.416431 
-0.694360 
-0.566634 
-0.470242 
-0.527346 
-0.922971 
-0.919536 
-1.517377 
-2.010495 
-1.723903 
-1.361258 
-1.627768 
0.335795 
-0.597930 
-0.407695 
-0.602012 
-0.701463 
-0.253926 
-2.364291 
-0.219673 
-1.086476 
-0.450097 
-1.333987 
-1.405169 
-1.110832 
-0.940660 
-0.145007 
-0.216224 
-0.283267 
-0.929899 
-0.111008 
-1.148024 
-0.605375 
-1.648432 
-1.126484 
-2.057560 
0.210965 
-0.637771 
-1.445655 
-0.314802 
-1.608598 
-1.331137 
-1.453471 
-2.853728 
-0.975844 
-0.747710 
-1.017149 
-0.314700 
0.003615 
-1.783748 
-0.833741 
-0.043095 
-0.854977 
0.617769 
-0.108210 
-0.395231 
-1.486469 
-1.260221 
-1.235749 
-1.435604 
-0.577452 
-1.371967 
-0.818847 
-0.530567 
-1.444095 
-1.406580 
-1.051710 
-0.305857 
-1.275811 
-1.020402 
0.217452 
-1.261079 
0.881411 
-2.030787 
-1.161086 
-1.745042 
0.020958 
-1.336044 
-1.373396 
-0.065558 
0.390316 
-2.017851 
-0.293987 
-0.740936 
-1.100390 
-0.738145 
-0.401293 
-1.183317 
-0.978435 
-0.936322 
-2.430949 
-0.993231 
-0.532868 
0.745039 
-1.213815 
-1.067293 
-1.761743 
-1.503096 
-0.348872 
-2.178943 
0.459997 
-0.527271 
-0.045557 
-0.442622 
0.725415 
-1.039272 
-1.137324 
-1.811926 
-2.195919 
-0.463935 
-0.073373 
-0.498381 
-0.714438 
-2.150829 
-1.048257 
-0.597752 
-1.871103 
-1.009345 
-1.551042 
0.242427 
-0.663392 
-1.220141 
0.049521 
-2.463736 
-0.611722 
-1.761242 
0.563435 
-0.929969 
-1.330252 
-2.405459 
0.240482 
-0.773711 
-2.006661 
-0.202363 
0.033901 
-1.276395 
-0.462644 
0.643160 
-1.289100 
-0.091546 
-1.208400 
-1.343233 
-0.209424 
-1.564576 
-0.937765 
-1.316628 
-0.188670 
0.441991 
0.516696 
-0.815521 
-2.786789 
-1.597838 
-0.570467 
0.053272 
-1.888090 
-0.858968 
-0.648594 
-2.348853 
-0.252629 
-0.461075 
-2.025146 
-1.306856 
-1.882498 
-2.075644 
-2.130267 
-1.840480 
-2.455125 
-0.125642 
-0.953107 
-0.306860 
-1.548638 
-0.869227 
-0.095468 
-1.413074 
-1.731598 
-1.676011 
-2.588011 
-1.938871 
-2.536984 
-0.229562 
0.254715 
-0.184576 
-2.906785 
0.339062 
-2.305864 
0.233393 
-1.402836 
-0.335053 
-0.122837 
-0.028200 
-1.809493 
-2.051741 
-1.619826 
-1.463749 
-1.469359 
-0.883538 
-2.067373 
-1.359106 
-0.761927 
-1.895502 
-0.855793 
-2.120845 
-1.352618 
-1.309548 
-0.754254 
-1.302469 
-0.869114 
-1.091309 
-1.853940 
-2.129614 
-0.002252 
-2.217171 
-1.221141 
0.213971 
