0 1 256
1 2 257
2 3 258
3 4 259
4 5 260
5 6 261
6 7 262
7 8 263
8 9 264
9 10 265
10 11 266
11 12 267
12 13 268
13 14 269
14 15 270
15 16 271
16 17 272
17 18 273
18 19 274
19 20 275
20 21 276
21 22 277
22 23 278
23 24 279
24 25 280
25 26 281
26 27 282
27 28 283
28 29 284
29 30 285
30 31 286
31 32 287
32 33 288
33 34 289
34 35 290
35 36 291
36 37 292
37 38 293
38 39 294
39 40 295
40 41 296
41 42 297
42 43 298
43 44 299
44 45 300
45 46 301
46 47 302
47 48 303
48 49 304
49 50 305
50 51 306
51 52 307
52 53 308
53 54 309
54 55 310
55 56 311
56 57 312
57 58 313
58 59 314
59 60 315
60 61 316
61 62 317
62 63 318
63 64 319
64 65 320
65 66 321
66 67 322
67 68 323
68 69 324
69 70 325
70 71 326
71 72 327
72 73 328
73 74 329
74 75 330
75 76 331
76 77 332
77 78 333
78 79 334
79 80 335
80 81 336
81 82 337
82 83 338
83 84 339
84 85 340
85 86 341
86 87 342
87 88 343
88 89 344
89 90 345
90 91 346
91 92 347
92 93 348
93 94 349
94 95 350
95 96 351
96 97 352
97 98 353
98 99 354
99 100 355
100 101 356
101 102 357
102 103 358
103 104 359
104 105 360
105 106 361
106 107 362
107 108 363
108 109 364
109 110 365
110 111 366
111 112 367
112 113 368
113 114 369
114 115 370
115 116 371
116 117 372
117 118 373
118 119 374
119 120 375
120 121 376
121 122 377
122 123 378
123 124 379
124 125 380
125 126 381
126 127 382
0   127 383
128 129 334
129 130 268
130 131 359
131 132 342
132 133 257
133 134 320
134 135 297
135 136 264
136 137 326
137 138 355
138 139 289
139 140 314
140 141 336
141 142 256
142 143 277
143 144 350
144 145 307
145 146 266
146 147 363
147 148 300
148 149 259
149 150 325
150 151 293
151 152 367
152 153 269
153 154 278
154 155 339
155 156 322
156 157 261
157 158 356
158 159 305
159 160 272
160 161 371
161 162 344
162 163 315
163 164 294
164 165 351
165 166 262
166 167 378
167 168 288
168 169 330
169 170 343
170 171 279
171 172 374
172 173 265
173 174 337
174 175 285
175 176 302
176 177 353
177 178 270
178 179 319
179 180 376
180 181 345
181 182 308
182 183 338
183 184 327
184 185 273
185 186 381
186 187 299
187 188 280
188 189 357
189 190 292
190 191 311
191 192 341
192 193 349
193 194 370
194 195 321
195 196 282
196 197 335
197 198 306
198 199 295
199 200 373
200 201 287
201 202 364
202 203 340
203 204 318
204 205 382
205 206 304
206 207 360
207 208 375
208 209 313
209 210 298
210 211 368
211 212 286
212 213 323
213 214 383
214 215 309
215 216 331
216 217 348
217 218 296
218 219 377
219 220 284
220 221 358
221 222 328
222 223 372
223 224 276
224 225 301
225 226 316
226 227 332
227 228 380
228 229 291
229 230 362
230 231 283
231 232 274
232 233 346
233 234 354
234 235 333
235 236 369
236 237 263
237 238 361
238 239 271
239 240 310
240 241 379
241 242 366
242 243 281
243 244 260
244 245 317
245 246 347
246 247 267
247 248 290
248 249 303
249 250 365
250 251 329
251 252 258
252 253 352
253 254 312
254 255 275
128 255 324
