-1.240997 
-0.730805 
-1.161284 
-0.802795 
0.949213 
1.996036 
0.342487 
-1.977946 
1.569876 
-2.045826 
1.392062 
-2.358844 
-1.614605 
-0.829321 
-1.981824 
0.704029 
1.280318 
-1.012067 
2.378135 
-0.863730 
0.368040 
-1.643548 
0.989315 
0.854592 
-1.559319 
0.026302 
-0.740824 
-1.063784 
-0.087158 
-1.575916 
0.867049 
-0.984913 
1.146736 
1.086779 
0.953244 
1.708148 
1.627381 
-0.939417 
-1.037195 
-0.406933 
-1.432339 
1.422302 
-0.494049 
-2.304311 
-0.955124 
-0.855465 
0.956056 
-0.858598 
-1.414733 
1.437697 
-1.147925 
-0.455608 
-0.945291 
1.054139 
2.941067 
-1.092468 
0.770901 
-0.930826 
-0.300928 
0.683890 
0.291104 
-0.875545 
-1.369223 
0.456707 
0.063079 
1.546154 
-0.713888 
0.445358 
-0.692406 
1.986518 
2.445831 
0.242870 
0.168869 
0.271813 
-0.372461 
1.063400 
-1.304194 
3.140719 
1.170684 
0.399348 
0.894918 
-0.846523 
1.157150 
-0.798977 
-2.266923 
0.768056 
-1.638945 
-0.647494 
-1.275937 
0.135810 
-0.603678 
-0.291379 
-1.110988 
1.848255 
1.933929 
-1.172148 
0.366820 
-0.010531 
-1.484061 
-0.134549 
-2.148755 
0.377880 
-0.215121 
0.557809 
-0.295577 
0.757583 
-1.073738 
-1.420788 
-0.980819 
-0.170523 
-1.195736 
2.320860 
0.502687 
-1.462622 
1.107654 
-1.532755 
0.492881 
1.965967 
-1.779517 
-1.303992 
-0.511707 
-0.955101 
-0.076628 
0.279279 
1.157950 
0.536156 
-0.836856 
2.696041 
-0.466428 
2.476672 
1.274116 
0.905616 
-0.861227 
-0.740355 
-1.327321 
-1.448604 
-1.493091 
0.633627 
-1.578623 
0.070650 
-0.846344 
-1.125777 
-1.317843 
0.679760 
-1.449261 
-0.224706 
1.023159 
1.244922 
-1.356705 
0.518093 
0.556291 
2.012844 
-0.842104 
0.985774 
0.019110 
-0.588325 
-0.007365 
0.454260 
2.393286 
0.871299 
1.648753 
-0.987500 
2.643619 
-1.452555 
0.893868 
-0.506522 
0.508465 
-1.247700 
1.644091 
-1.379739 
1.655281 
-0.735298 
-1.140218 
1.745730 
-1.520416 
-0.812115 
0.884089 
-1.199084 
-0.516031 
-0.871250 
1.188147 
0.007660 
1.875348 
0.439501 
1.655466 
0.752258 
-0.551592 
1.392077 
1.199328 
-0.969094 
1.135158 
-0.888782 
0.894590 
-0.559201 
1.511404 
1.216081 
1.440106 
1.938615 
-0.835585 
1.345571 
0.102987 
0.253309 
0.148720 
2.374649 
-0.364985 
-1.214026 
0.874837 
0.598553 
1.193952 
-0.336937 
-0.461953 
1.703825 
-0.375464 
0.910854 
-1.833632 
-0.709628 
1.059680 
1.219042 
-0.115841 
1.581981 
-0.462908 
-2.045562 
1.004604 
-1.061151 
-0.933896 
0.992478 
-0.681240 
0.517643 
-1.212700 
-0.931652 
-1.587147 
-2.152027 
-1.350514 
0.279477 
1.432315 
1.607275 
-0.801745 
-1.775286 
1.323877 
1.092625 
0.109763 
0.745762 
-1.556149 
0.461498 
0.991274 
-0.936424 
-1.104798 
-1.325082 
-1.342502 
-1.330572 
0.047532 
0.084339 
1.212200 
0.123361 
2.203066 
-1.173441 
1.982198 
1.979941 
-0.231645 
1.045047 
-1.271124 
-0.211234 
-3.308500 
2.068874 
-1.024679 
-1.033406 
-0.837605 
-3.216393 
-1.667316 
1.937396 
1.592648 
-0.410800 
-0.628148 
-0.777945 
-1.665656 
-1.289423 
0.870276 
-1.786265 
-1.023082 
1.989973 
0.586935 
2.668120 
-0.155177 
0.648531 
-1.199044 
1.560022 
-2.052253 
-0.496318 
-2.238850 
-1.400649 
1.138427 
1.458391 
-2.294746 
-1.141853 
1.569981 
-0.497971 
-0.318677 
0.928309 
1.123154 
2.155887 
2.135492 
0.852596 
1.280499 
0.476481 
0.853083 
1.227760 
-0.208570 
-0.899696 
1.579465 
-0.682613 
-1.367353 
2.049946 
-0.864944 
-0.267298 
-0.142439 
-0.424730 
-2.397360 
0.110108 
1.709816 
-1.625078 
0.865356 
1.629444 
0.813509 
-1.140674 
-1.495984 
0.498375 
-0.634861 
-0.440809 
-0.133420 
-0.416434 
-1.447429 
-2.049635 
1.249674 
-0.904773 
-0.399034 
-1.501332 
-1.459026 
-1.578042 
0.032884 
0.549142 
1.444899 
0.420525 
0.080761 
-1.701206 
1.015995 
-1.170418 
-0.725030 
-1.823432 
-0.648868 
0.141385 
2.257023 
-0.763643 
-1.695703 
-1.281674 
1.584897 
2.196236 
-0.313572 
1.625314 
0.379738 
1.825169 
-0.822264 
-0.024868 
0.873252 
0.837132 
-2.135006 
0.754656 
0.528396 
-0.671581 
1.449922 
-1.086121 
-0.784255 
1.808230 
1.980341 
-0.000053 
-0.414575 
1.223740 
-0.324499 
0.411248 
2.110682 
-1.015124 
-1.603562 
0.644735 
0.549005 
-1.056495 
0.994277 
0.407503 
0.079960 
-1.594374 
-0.171223 
-1.328915 
-0.500731 
-1.199659 
1.404313 
2.098952 
-1.202915 
-1.757813 
-0.090374 
1.175634 
0.352991 
1.827297 
-0.597452 
1.982429 
1.092583 
0.519012 
-1.409176 
-1.322330 
-0.253486 
0.005792 
1.031410 
-1.266227 
-0.794605 
-2.005058 
0.856490 
2.035083 
0.500541 
-1.141059 
-1.703265 
-0.539824 
0.616997 
-0.711129 
0.148364 
-0.491412 
-2.781668 
-0.380621 
-0.087788 
1.106476 
0.231376 
-2.242249 
0.999537 
0.014501 
0.397829 
-0.346936 
-1.080427 
0.927141 
-0.996247 
-0.166318 
1.230743 
-1.591494 
1.560425 
0.334961 
-0.697611 
-0.419100 
-1.047581 
0.721124 
-2.031949 
1.258347 
-0.016883 
-1.046196 
-0.356882 
-1.062918 
1.336068 
-0.789827 
-2.001637 
0.014860 
-2.006584 
-0.769202 
-0.979628 
-0.083214 
0.785574 
0.637659 
0.097566 
-0.452471 
0.747357 
0.330119 
-0.421990 
1.273925 
1.016091 
-0.928252 
0.762127 
-1.151504 
0.706772 
1.731359 
-1.373826 
-1.259239 
0.167260 
-0.275317 
1.077285 
0.125976 
2.658273 
-1.606137 
2.314446 
-0.332420 
-1.692859 
2.080987 
-0.095230 
0.575176 
1.135106 
2.170559 
1.076276 
2.150442 
-1.544069 
-2.396851 
1.030817 
0.649674 
0.475918 
-2.015648 
-1.024534 
-1.945901 
0.915615 
-0.658331 
1.918468 
1.063110 
-1.289541 
1.292956 
1.467643 
1.581873 
-1.160426 
-2.461113 
-0.390143 
0.758695 
-0.347946 
1.560601 
-0.709589 
-0.052289 
1.869854 
1.228511 
1.842176 
-1.175578 
0.889657 
1.496864 
0.200530 
1.948014 
-0.580679 
-1.118280 
-1.823901 
-0.693226 
0.355056 
0.649545 
2.270140 
1.821651 
-1.728589 
1.496628 
1.365868 
0.587500 
-0.468689 
0.526395 
-0.930246 
-1.985465 
0.576338 
-0.077506 
1.914410 
-1.863315 
0.547705 
-1.223928 
-0.014996 
-1.673820 
0.632968 
-1.262858 
0.337901 
1.737287 
0.505496 
1.225038 
0.122276 
1.098246 
2.369161 
0.799648 
0.458625 
-1.962955 
1.070953 
1.347044 
-0.393725 
-0.175447 
1.174049 
1.929648 
1.144256 
-2.271491 
-1.386681 
-0.096207 
2.334771 
-0.607266 
0.693891 
-1.498300 
-0.045128 
-2.540156 
-1.686335 
-1.227508 
-2.100511 
0.898008 
-0.561741 
0.694517 
2.297209 
1.887248 
0.212493 
0.544820 
-0.053089 
-1.150420 
1.339603 
-0.327483 
1.386383 
0.668364 
-1.182558 
0.298796 
-0.781554 
0.110238 
-1.477605 
0.725334 
1.020538 
1.054523 
0.209334 
-0.139815 
0.917058 
2.275316 
-1.062636 
-0.620992 
-0.944953 
0.077596 
0.254879 
1.772378 
-0.958482 
1.400629 
-0.023416 
0.169376 
0.037002 
2.200643 
-1.634921 
-1.002085 
-0.756339 
2.231473 
1.483137 
1.327926 
-3.038408 
0.660922 
0.309456 
-0.713677 
-0.861556 
-1.200512 
-0.277201 
0.324134 
0.674331 
-1.490235 
0.309536 
0.823743 
-0.296960 
-1.543899 
0.362942 
-2.867807 
-0.959060 
-0.560013 
0.848703 
-0.051370 
1.353771 
-2.844382 
2.286638 
1.337826 
0.943367 
1.699732 
0.705776 
2.063966 
-1.012492 
-1.388976 
0.132444 
-1.942830 
1.870332 
0.540885 
-0.446467 
-1.865472 
-1.306544 
0.513388 
-0.364124 
-0.593495 
1.201560 
0.399747 
-1.042037 
-2.264371 
-0.625622 
1.297049 
1.633366 
0.774325 
-1.167472 
1.961668 
1.550302 
-1.357847 
-1.523507 
-0.712887 
-1.397028 
0.474723 
1.068713 
0.852660 
-0.909580 
0.334469 
-1.398701 
2.040472 
1.245639 
-1.074868 
-1.091254 
-0.278018 
0.680306 
0.365536 
-0.815873 
-1.721405 
0.393428 
-1.753236 
-1.101717 
0.157162 
-1.251504 
0.635722 
0.503124 
1.232639 
1.096216 
-0.892990 
-2.133555 
-1.313761 
-0.116967 
-0.875681 
1.741065 
1.353424 
-0.249134 
1.379919 
1.816081 
1.721871 
-1.468033 
-2.570899 
1.351939 
0.398359 
-0.821332 
0.737494 
0.547011 
-0.399084 
-1.256739 
-0.650209 
-0.653247 
-0.812707 
-0.099452 
-0.722954 
1.315326 
-0.490009 
-0.136822 
0.070109 
0.316302 
-1.923966 
-0.784005 
1.626099 
0.332636 
0.672978 
-1.322450 
-1.147869 
-0.512619 
0.494142 
-2.290879 
-1.472960 
0.679308 
0.615040 
0.802952 
-2.002492 
1.752315 
-0.897667 
0.296657 
-0.550035 
-0.314647 
-0.797411 
0.683288 
-0.796573 
2.177395 
-0.127377 
-0.277507 
-0.846228 
-1.554624 
0.144580 
-2.183707 
2.010471 
-1.924043 
-1.955625 
-0.108771 
0.579556 
-2.323591 
-0.359468 
-0.973157 
1.007859 
-0.365047 
-2.126424 
0.040200 
0.865537 
-0.364253 
-0.506994 
-0.799127 
0.572649 
0.141311 
-1.347970 
0.034647 
1.635895 
-2.491015 
-2.509122 
2.083547 
-1.470582 
-1.772634 
-0.789308 
-1.049655 
1.892980 
1.849264 
-0.970170 
0.090732 
-2.158841 
1.231220 
1.786466 
-1.463698 
0.451688 
-2.429627 
-0.628327 
1.480910 
-1.489388 
1.398925 
1.198994 
-1.306059 
0.000310 
-0.440252 
1.449065 
-0.199533 
-1.346262 
-1.283517 
-0.564373 
-0.889331 
1.553545 
-0.695358 
0.954539 
-1.626284 
0.199638 
0.230532 
-1.068964 
1.589589 
1.178557 
-0.133780 
0.174321 
-2.257436 
-0.578486 
0.410883 
-1.531278 
-1.756950 
0.998655 
-0.181417 
0.144583 
-0.460308 
-1.032429 
-0.130115 
0.237449 
1.408222 
1.847188 
-0.751151 
-2.194317 
-1.299064 
0.828897 
-2.619026 
0.869421 
0.361584 
0.693358 
-1.574971 
-1.837660 
-1.043243 
-2.789783 
1.378729 
0.535409 
-2.084275 
1.772933 
1.845976 
-1.056077 
-1.646835 
-0.718819 
0.406917 
-0.800018 
0.598269 
-1.216441 
0.522318 
-1.470012 
-0.022501 
-0.940670 
0.182578 
0.668752 
-1.633158 
0.222334 
-0.621662 
-0.860710 
-1.559354 
0.248173 
1.342154 
-0.946904 
0.614438 
1.079416 
2.231429 
0.412193 
-1.464404 
0.513611 
1.648237 
-1.282100 
1.263287 
-0.828674 
0.914264 
0.531769 
-0.924198 
-0.598464 
-1.029217 
-1.559350 
1.317574 
-0.411196 
0.188652 
0.782891 
-0.641969 
0.557483 
1.690361 
-1.422070 
-1.615920 
1.385278 
-1.240946 
0.603785 
-0.125855 
1.406309 
0.454151 
0.426824 
1.433270 
0.030830 
-0.249853 
0.895727 
0.783233 
-0.792242 
1.752884 
0.491353 
0.357142 
0.100079 
-0.665968 
0.372865 
-0.037916 
1.838569 
-1.364619 
-2.074850 
1.153734 
-0.399409 
1.604343 
-2.209390 
0.797754 
-0.817674 
-0.554464 
0.845823 
0.299010 
0.383507 
0.872675 
0.765874 
0.387160 
-0.756201 
0.904975 
-0.597343 
-1.222076 
-1.590307 
-1.003379 
-0.672448 
-1.340707 
1.898136 
-1.291714 
0.633874 
0.432773 
1.403125 
-0.601366 
0.991563 
0.249100 
-0.693110 
-1.380597 
-0.420102 
-1.914010 
1.818586 
1.690017 
1.803611 
1.811071 
-0.461932 
-0.150845 
0.313425 
-2.219012 
-0.070065 
2.299173 
-0.818273 
-0.422837 
1.451015 
0.531038 
-0.996505 
1.863641 
0.940448 
0.598114 
-0.142521 
2.331830 
1.649334 
1.438394 
1.650171 
-0.820499 
0.869431 
-1.305414 
-0.496409 
-1.220561 
0.033252 
-0.674414 
-0.189418 
-0.349419 
1.820093 
0.735310 
-0.101608 
-1.188445 
0.253301 
-0.111007 
-0.859133 
1.099299 
0.525644 
-1.173009 
-0.355298 
-0.111537 
0.013719 
0.488312 
-0.235225 
0.346319 
-0.384697 
-1.011306 
-2.681851 
-1.595469 
-1.113441 
-0.978285 
0.860464 
1.785912 
1.869191 
0.927365 
-0.181957 
2.024899 
-1.109561 
1.916818 
-1.244746 
0.124877 
1.242127 
-1.586386 
0.978305 
1.214912 
-1.624514 
-0.619991 
-1.406168 
0.641629 
0.990679 
-0.631269 
0.972002 
2.104551 
0.619329 
-1.733074 
0.529826 
-1.515495 
-1.418148 
-1.694305 
2.913275 
1.703395 
1.465030 
0.830768 
-1.522044 
1.405423 
1.949550 
-0.554244 
-1.411718 
-1.306135 
-0.045606 
0.875802 
-1.731194 
0.895186 
-0.516620 
1.339017 
-2.132434 
-1.034674 
-1.802985 
-0.664249 
-1.700599 
1.644554 
2.603338 
1.288819 
-1.122558 
0.972248 
-1.772488 
-0.578211 
0.320789 
1.839793 
-0.925746 
1.769517 
0.941565 
-1.871091 
-0.018561 
0.096643 
-1.311192 
-1.095881 
-1.982626 
1.181603 
-0.004199 
-0.643804 
0.868385 
-0.176589 
1.058796 
0.576483 
1.155704 
-1.289244 
2.543683 
1.498399 
1.500303 
-1.576411 
-2.443973 
0.030669 
-1.608699 
2.447271 
-0.674650 
-0.469663 
-1.987066 
1.989716 
-0.892020 
0.942014 
1.202500 
-0.344814 
-1.259794 
0.666571 
-1.336933 
1.391010 
-0.273010 
1.121872 
2.286630 
0.589853 
-0.875087 
0.690912 
0.070611 
2.285109 
-1.050989 
-1.907027 
0.803556 
-1.945549 
1.413379 
-1.461749 
-2.116509 
1.612244 
1.134487 
-0.601607 
-0.283695 
-0.491186 
0.811554 
-0.951037 
-1.388158 
0.430623 
1.347318 
1.747259 
1.181763 
-0.163280 
2.140982 
-0.143303 
1.630844 
-0.972978 
2.503418 
1.364288 
1.206989 
2.358128 
-0.515163 
-1.081781 
0.173038 
1.267278 
-1.196818 
-0.398904 
-0.254279 
0.816089 
2.007890 
0.785942 
-0.273836 
-0.980501 
-0.871915 
0.825509 
-1.116624 
-0.884464 
1.331779 
1.493824 
1.004358 
1.017137 
-1.474704 
0.387947 
1.824041 
-1.193658 
1.201732 
-1.833758 
-1.056680 
0.346634 
-1.384839 
-0.533498 
1.447765 
-0.714947 
-1.716294 
0.658603 
0.458133 
-1.267886 
0.440735 
2.234526 
1.896314 
-0.817614 
1.981589 
-1.990129 
-1.347409 
0.439197 
0.987389 
2.491031 
-0.819551 
-1.192234 
0.287820 
0.752004 
-0.503141 
-0.791364 
-0.299883 
0.992448 
0.483854 
-2.029455 
-1.130604 
0.877494 
-1.240305 
-0.139233 
-1.841309 
-1.789369 
0.278421 
1.040274 
-1.140711 
2.105550 
-0.238860 
0.840460 
1.555719 
-0.531312 
1.257174 
2.269049 
-0.039428 
-0.596835 
-1.759332 
0.916949 
-0.955190 
-1.411328 
-0.355574 
-0.275022 
0.267488 
0.132128 
0.600911 
1.626997 
-0.876299 
-3.355658 
-1.209571 
-1.832475 
0.489172 
2.694305 
-0.103874 
-1.310267 
-0.627590 
-1.173137 
1.245305 
-1.764576 
1.696153 
0.473117 
1.432734 
2.634474 
-0.957796 
1.342427 
0.801482 
-0.187799 
1.120292 
-3.184725 
-0.888392 
0.452328 
-0.695206 
1.358102 
1.578859 
1.157868 
0.869393 
-1.479273 
1.856081 
0.699625 
0.002972 
0.308313 
1.217418 
-2.208345 
-0.633006 
-0.150651 
1.084994 
-1.181075 
-0.029333 
1.756981 
-1.677907 
-0.981020 
0.376071 
-0.411208 
0.409669 
0.354433 
1.546145 
-0.926468 
-1.444120 
0.216072 
1.074910 
-1.318342 
2.175333 
0.647084 
1.645147 
-2.593308 
2.663954 
0.688988 
1.937286 
2.038993 
-1.085527 
-1.492974 
-0.534904 
-1.643782 
-0.783741 
0.670485 
0.991846 
-1.344727 
0.708664 
1.113397 
0.185815 
-0.055725 
0.891101 
-0.763750 
0.740961 
-2.052859 
0.395212 
0.681190 
-1.534122 
0.439693 
-0.664770 
0.991805 
1.977165 
0.418306 
-0.089116 
-0.949040 
-0.514500 
-1.317991 
-0.690602 
-0.546114 
-0.793179 
2.204243 
-1.754641 
-1.783628 
0.823560 
0.692978 
-0.920861 
-0.890542 
0.044153 
0.940973 
-2.561811 
1.411135 
0.445227 
0.560070 
2.036890 
2.803419 
-0.437822 
-0.044008 
0.562920 
1.803693 
1.126344 
-1.221250 
0.724733 
-0.489389 
-2.060623 
-0.740612 
0.497062 
-0.310768 
-0.442312 
0.784715 
-0.102058 
0.441667 
-0.680334 
-1.798511 
-1.095176 
-1.031712 
1.151780 
-0.722418 
-1.392348 
-1.321074 
-0.481015 
-0.065655 
-0.288234 
-0.945221 
-1.172012 
-0.425693 
1.589444 
-0.295118 
-0.338456 
1.199451 
-0.719826 
-1.194961 
3.538090 
-1.263432 
-2.424874 
-0.416215 
-0.434323 
-1.077104 
-1.035542 
-0.983506 
0.144003 
1.542492 
-1.393799 
1.826705 
1.342820 
-0.860154 
-0.547024 
1.194116 
-0.545958 
0.887041 
1.290598 
-0.940194 
0.633034 
-1.399057 
-0.297939 
-0.221350 
-1.552081 
-2.075030 
-1.047877 
-1.125384 
1.639945 
0.472458 
0.639686 
-0.678830 
0.893444 
0.993124 
-0.724259 
-1.192110 
0.641677 
0.549884 
-0.175005 
0.973700 
-0.930473 
0.691509 
-0.350379 
-0.721221 
1.427603 
-0.502644 
1.607495 
-0.395013 
2.181018 
-2.105102 
-0.043373 
-0.790311 
0.145721 
-0.041408 
0.343819 
-0.798283 
1.842025 
-0.861982 
2.873398 
2.058592 
-0.713675 
0.115718 
-1.036695 
1.525970 
1.350340 
1.777867 
-0.130503 
2.846395 
-0.958028 
0.743927 
-1.182045 
0.266751 
0.481684 
0.294988 
1.093499 
-0.800448 
-1.248346 
-1.086471 
-0.811679 
0.529847 
-0.120016 
-0.738876 
0.669492 
-0.679992 
2.198340 
1.194302 
2.336218 
0.326965 
0.396666 
0.469817 
1.360467 
1.080808 
0.153277 
1.277226 
-1.715523 
2.046806 
-0.834531 
-0.613219 
-0.195636 
-1.573851 
1.234977 
-1.436834 
-0.390322 
-0.069447 
-1.560095 
-0.805080 
-0.804913 
1.679467 
-0.675799 
-0.869173 
1.416019 
-0.462090 
0.739770 
-0.595624 
-1.055835 
0.293615 
0.767145 
-0.222237 
2.105812 
0.355739 
1.578259 
-0.236025 
-0.875312 
-1.359309 
1.450986 
1.562931 
-0.587613 
-0.571098 
-0.895371 
0.303153 
-0.753547 
-0.116190 
-1.358988 
-0.950928 
0.864915 
1.972500 
-1.845472 
1.019241 
0.763923 
-1.682734 
-2.578524 
0.672861 
-0.759001 
0.514951 
-1.714182 
-0.180705 
1.309139 
0.034968 
-0.611826 
-0.776738 
-0.246815 
0.844570 
-1.035530 
0.628100 
-1.515696 
0.902362 
-1.803245 
-0.342338 
-0.012068 
-1.589290 
-2.392172 
-2.210162 
-1.639519 
0.373462 
-1.130058 
1.206606 
-1.739181 
-1.529061 
0.055879 
-1.069603 
1.097430 
0.770643 
2.621430 
-0.110366 
1.299698 
1.823466 
1.080525 
0.251636 
0.161651 
0.065829 
1.383222 
-1.732997 
-0.622418 
1.219718 
-0.714068 
-0.814938 
2.614449 
-3.590534 
1.278047 
0.814028 
-1.067776 
-0.229562 
-1.233612 
1.034063 
1.316202 
-0.408090 
-0.880335 
-1.284851 
-1.813131 
-1.835326 
-1.140923 
0.808390 
-0.884376 
1.783545 
0.584272 
-1.602513 
-2.190776 
0.930883 
-1.250489 
-0.184031 
-1.109805 
0.454482 
-0.280540 
0.652886 
0.382862 
1.226157 
1.746695 
0.805511 
3.015792 
0.298706 
1.586779 
-1.909516 
1.393774 
2.054894 
-0.904653 
-0.563952 
0.929262 
-1.623008 
1.807981 
-1.235364 
0.805785 
0.892539 
0.504013 
-1.094517 
-1.057732 
-0.351467 
0.053753 
-0.355308 
-0.954337 
-2.031645 
1.914923 
-0.844935 
0.519592 
1.679582 
1.161447 
0.694618 
-2.355961 
1.554007 
-0.009310 
2.050418 
1.919529 
0.844973 
-1.841984 
0.060308 
-0.552931 
-1.435834 
0.739227 
-1.568192 
-0.569390 
-2.087653 
-0.459131 
-0.457361 
0.607604 
2.456022 
1.303103 
0.009181 
0.847859 
-0.803383 
0.206666 
1.204681 
0.737175 
1.529379 
-1.698712 
-1.859557 
1.754386 
-0.955117 
0.377085 
1.440365 
1.315754 
-1.097324 
0.892851 
-1.211067 
-0.152843 
-0.936735 
-1.432489 
-0.458205 
0.276566 
-0.248801 
-1.569967 
0.342109 
2.246665 
1.764252 
0.575048 
0.687146 
-1.548200 
-0.758659 
-0.526452 
-1.108794 
0.055555 
2.019634 
2.938784 
1.276055 
-0.274715 
-0.763145 
1.656678 
-0.177347 
-0.861920 
-2.433399 
1.709991 
-3.106330 
-1.076086 
1.017696 
1.792041 
-2.461529 
0.965809 
0.008904 
-1.843429 
-0.649885 
-1.918354 
-1.288036 
-1.098897 
2.245852 
1.198453 
-0.969800 
1.271183 
0.907530 
1.656189 
1.170956 
-0.888511 
-0.188405 
-0.677195 
0.762947 
0.792014 
0.142618 
-1.149266 
-1.435044 
0.750190 
-0.748627 
-1.712091 
1.035807 
0.853013 
-2.937232 
1.546367 
0.598999 
0.914885 
1.412737 
0.035351 
-0.365460 
1.466090 
0.365836 
-0.487475 
1.696795 
1.253291 
-0.916335 
-2.505730 
-0.520979 
-0.802930 
-1.462060 
0.863306 
-1.418829 
1.282202 
-1.374523 
1.842454 
0.386000 
1.721843 
-1.311513 
1.676768 
-1.696464 
0.818966 
1.514234 
-1.905738 
-0.835752 
1.756180 
1.085197 
1.075387 
-1.360636 
0.114873 
-0.133556 
-1.987598 
0.366260 
1.665362 
-2.719200 
-1.741821 
1.567538 
-1.177216 
0.653084 
-0.531083 
-0.858997 
-0.350180 
-0.367979 
-1.023488 
-0.238964 
1.350853 
1.653794 
-2.700856 
-0.358378 
-1.385934 
0.090486 
1.624766 
0.346668 
0.160064 
-0.068075 
-1.555977 
0.193694 
1.529960 
-0.191222 
-1.237819 
1.275725 
1.188952 
2.244295 
2.415469 
-0.475516 
1.429118 
-1.346418 
0.300469 
1.047778 
-0.421929 
-0.093154 
0.136323 
0.567972 
0.481518 
1.525112 
-0.669136 
-1.124216 
-0.099890 
1.538291 
0.496285 
0.571716 
-0.507150 
0.123395 
-0.214982 
-1.310817 
-0.320263 
2.003032 
-0.918297 
2.222141 
0.651822 
-0.433757 
0.844030 
0.547125 
0.935956 
0.201519 
0.896287 
2.427801 
-0.586549 
0.167778 
2.582391 
0.738786 
0.437729 
-0.492355 
0.126053 
0.614435 
1.992733 
-3.120316 
-2.863520 
-0.945241 
-1.826074 
-1.383688 
-0.223505 
-0.781273 
1.503007 
1.145557 
-2.057267 
-2.420641 
-1.236499 
1.724729 
1.352530 
-0.449796 
-0.959299 
1.651181 
-1.001105 
1.074494 
-0.675451 
0.367338 
0.962850 
-0.266826 
-2.259399 
1.570229 
-1.342815 
-0.563112 
-0.868410 
-0.054772 
1.129194 
-1.199056 
1.385523 
2.600389 
-0.644912 
0.539742 
1.250039 
0.219393 
0.334167 
-2.273969 
0.412986 
-1.493363 
1.322694 
-1.970686 
-1.521996 
-1.555029 
-2.229695 
-1.180220 
1.018442 
-0.758666 
-0.992310 
-1.911925 
-0.728144 
1.817673 
-0.145287 
1.665576 
-0.878052 
-0.451075 
0.228738 
-0.462939 
-0.541776 
-2.091470 
-1.111243 
1.718590 
-1.462117 
-1.264290 
-0.905448 
-0.957601 
-0.993610 
-1.419405 
0.059972 
-0.563255 
1.989683 
-0.840647 
0.395412 
-0.004190 
0.721261 
-0.431732 
0.387981 
1.779074 
-0.202789 
0.239515 
-0.917370 
1.815592 
0.437723 
2.076114 
-1.320238 
-0.885409 
-0.224951 
-0.973374 
0.955108 
-1.692768 
2.376507 
1.318318 
-0.515560 
-0.775911 
2.528400 
1.083549 
-0.859306 
1.457450 
1.116992 
-0.828665 
-1.299225 
1.250368 
1.365526 
0.742803 
-0.616487 
-0.477567 
1.235497 
-0.573222 
-2.076588 
0.895328 
-0.801972 
-1.597563 
1.260971 
0.648813 
-0.286516 
1.744628 
1.807740 
-2.200573 
1.250598 
-0.252479 
0.999486 
1.758124 
0.595373 
-0.741063 
0.823430 
-0.873813 
1.009063 
-0.591528 
0.313033 
-2.248947 
-0.061195 
0.416558 
0.108487 
-1.566986 
0.090680 
-2.324437 
-1.775440 
0.962050 
0.480022 
-0.820828 
0.132489 
-0.315753 
0.282599 
0.720712 
2.068260 
0.256759 
-2.046650 
1.086189 
0.125199 
0.889133 
-0.003628 
-1.870943 
-0.558763 
0.707210 
1.894404 
-0.672101 
-1.305924 
-1.559908 
0.222061 
0.947386 
0.095648 
-0.962662 
1.904645 
-2.053379 
1.342800 
-1.154511 
-2.102475 
1.655639 
-2.438634 
0.111936 
1.485127 
-1.834498 
1.806378 
-0.108708 
-1.100464 
-2.348977 
-2.972827 
0.874937 
-0.129159 
0.118217 
0.342566 
-0.029363 
-1.348420 
-0.696187 
0.802512 
2.359760 
-1.388566 
-0.885052 
1.245487 
0.838877 
-0.719904 
-0.547404 
1.454841 
-0.973590 
-1.786703 
1.542872 
-1.446480 
0.108670 
1.714748 
-1.896520 
-0.199041 
0.181845 
-0.087067 
1.476773 
0.872229 
-1.450511 
1.083823 
1.121527 
1.566107 
0.487612 
2.393196 
0.946158 
0.492961 
1.031565 
-2.156926 
0.884813 
0.202586 
1.349200 
-0.767261 
-1.048270 
-0.805854 
-0.758551 
-1.406416 
-0.052544 
-0.136437 
-1.228367 
0.517084 
-0.153056 
0.707136 
-1.366565 
0.610579 
-0.011549 
-0.295002 
1.901158 
1.161578 
0.928213 
-1.439817 
1.551671 
0.476998 
0.142997 
1.422807 
0.822637 
1.117661 
-0.712947 
-0.856403 
-0.865160 
1.282748 
-1.789219 
-0.367241 
-1.857081 
-1.253166 
0.713917 
-1.244867 
1.807429 
0.894358 
1.004834 
0.193017 
-1.797933 
0.505991 
1.247055 
0.198311 
0.558396 
-0.604791 
-1.841955 
0.431763 
0.984781 
0.838557 
-0.722048 
0.830091 
0.930522 
2.200724 
0.029973 
-0.195320 
0.750368 
0.804299 
-1.150665 
2.216882 
-0.235671 
-0.493199 
-1.648260 
-0.433861 
0.179110 
0.157236 
0.107734 
0.252890 
2.296324 
-0.591127 
-1.556877 
0.912983 
1.493151 
1.084636 
0.179167 
0.726377 
-0.217919 
-0.017789 
0.344984 
-0.400715 
-0.086974 
-2.423340 
-1.144850 
0.302637 
0.623861 
1.028839 
0.544310 
-0.915022 
1.407792 
-2.168348 
0.275264 
0.346081 
0.933687 
-0.062031 
-0.510026 
-1.231017 
0.679675 
0.597579 
-0.145058 
-0.417165 
-0.459088 
0.683746 
0.380978 
-1.541174 
0.005222 
0.718956 
-1.188072 
1.619158 
-1.265011 
-1.246721 
-2.557142 
1.085393 
-0.124554 
-0.333762 
-1.926180 
-0.904944 
-1.111636 
2.050796 
1.624241 
-0.867425 
1.390254 
1.204114 
0.969228 
0.381440 
-1.155289 
-2.576566 
-0.576021 
0.112123 
1.018169 
1.334838 
0.817901 
0.905449 
-0.893166 
0.104095 
2.307932 
0.041498 
1.236282 
0.841491 
0.515104 
-2.546572 
-0.954669 
-0.054245 
1.233641 
-0.056117 
0.875304 
1.282154 
-2.197489 
-0.863605 
1.522074 
1.101763 
-0.319332 
0.427134 
-0.386660 
0.121795 
-2.079925 
2.029357 
0.621596 
-2.189701 
-0.359623 
-1.269183 
-0.981989 
-0.835934 
0.685941 
-0.333221 
-1.170101 
1.849911 
-1.480784 
-0.519876 
-1.180192 
1.145527 
0.501987 
-1.260053 
1.363690 
-1.444011 
-0.334477 
-0.892782 
-2.306612 
1.289559 
-2.000337 
-0.379783 
-0.284072 
-0.630039 
-1.546104 
0.162706 
0.526956 
1.111787 
-0.371183 
0.274551 
0.983001 
-0.960779 
-0.793274 
1.047720 
-1.557952 
1.600185 
1.582563 
-0.231674 
0.818817 
-0.676409 
0.146109 
-0.402911 
2.562179 
-0.096457 
1.217211 
1.231291 
-1.958450 
0.761107 
-0.935720 
1.544500 
0.632874 
-1.766626 
0.796504 
-1.462590 
-2.513146 
-2.571483 
1.379676 
-0.538411 
-1.357250 
0.289397 
1.001525 
0.717072 
-0.217653 
-1.444258 
0.127525 
0.325480 
0.530667 
-0.568139 
-0.313808 
1.212021 
-0.858086 
0.182517 
-1.213794 
0.860462 
0.229144 
-1.306078 
-1.101186 
-0.773276 
2.232864 
0.577749 
1.851208 
0.976971 
1.081663 
-1.894778 
0.476343 
0.714361 
-2.593654 
1.405173 
0.883167 
-1.107373 
0.327563 
0.467093 
1.064270 
1.552746 
-0.197570 
-1.918871 
0.642884 
-0.220132 
0.438044 
0.363501 
1.764320 
0.366428 
-1.884558 
0.515260 
0.824117 
-0.942442 
0.805596 
0.008184 
-0.315618 
-0.340843 
0.293184 
1.063624 
0.381523 
0.916672 
-0.902843 
1.001427 
1.560168 
-1.364299 
1.842603 
-1.942892 
1.367163 
0.745011 
-2.107457 
0.818915 
0.966030 
0.896866 
2.737078 
-0.599272 
-1.085733 
0.242296 
1.572211 
1.085948 
0.047506 
0.785810 
-0.036153 
0.339700 
1.154618 
-1.699876 
-1.050081 
0.639585 
-1.795464 
1.445256 
-0.639336 
-0.213304 
-0.530722 
1.366602 
-2.426645 
0.956471 
-0.415716 
-2.838396 
0.775780 
1.805433 
1.465378 
-1.775300 
-2.745791 
-0.938885 
1.048438 
0.757858 
1.028835 
-1.386441 
0.970365 
1.766354 
1.079774 
0.558586 
0.642025 
0.507871 
0.155947 
-1.712576 
1.267547 
1.769307 
-1.594598 
1.292184 
-1.789598 
-0.078531 
0.934813 
0.439425 
-1.262421 
1.295862 
-0.775600 
1.549853 
0.482088 
2.359715 
-1.233160 
-0.942494 
1.705792 
1.169250 
-1.045537 
0.421333 
2.086951 
2.423446 
-0.579038 
0.502066 
1.742718 
-0.654945 
-1.483094 
1.589329 
-0.629575 
-0.644124 
-1.144215 
0.575921 
0.597846 
0.648483 
0.230874 
1.652662 
-0.271559 
0.184319 
-1.734815 
0.438865 
0.737601 
-0.615946 
-1.920061 
-1.936871 
-0.261266 
-1.328366 
-1.270234 
1.529346 
0.639781 
-0.383125 
-1.352172 
-1.612165 
2.648929 
-2.489432 
-0.577404 
-1.916492 
-1.445767 
0.230889 
0.671592 
-2.433671 
-1.733307 
-0.635892 
0.529142 
-1.752069 
1.488532 
-2.366054 
0.344394 
-0.138424 
-0.292428 
1.954639 
1.408466 
1.435241 
0.334676 
1.411884 
-0.876838 
-1.769374 
-0.686843 
-0.049880 
0.127014 
0.487729 
-1.773932 
-0.964643 
2.318490 
-2.328458 
0.721851 
-0.181330 
-0.419936 
-1.701815 
0.470434 
2.308889 
1.584063 
0.761894 
0.524100 
0.995374 
-1.035172 
-1.716673 
0.786008 
-2.068141 
-0.895784 
0.948374 
-1.112871 
0.718789 
-0.828602 
-0.554735 
1.809192 
0.498597 
1.583235 
-1.832310 
-1.195629 
-1.208821 
-0.910595 
1.762590 
0.696436 
-1.289504 
-1.238338 
-1.511939 
1.481350 
1.592123 
-1.568730 
-0.923561 
0.400093 
1.768666 
-0.687976 
-0.219280 
-1.352838 
-1.530164 
0.446566 
2.407921 
0.746722 
1.803806 
-1.187157 
-0.352618 
1.399207 
0.546676 
-0.688014 
-0.611985 
0.325362 
0.500484 
0.750930 
1.373319 
-1.212367 
0.031137 
1.151600 
0.924231 
0.919714 
-2.273920 
-1.016549 
-1.360118 
2.030617 
-0.758260 
-0.290750 
-0.637388 
-0.941088 
-0.624315 
1.182970 
-2.036290 
-1.597099 
-1.187604 
-1.508676 
-0.129642 
1.292905 
0.802602 
-0.410057 
-0.163431 
1.287640 
0.711697 
0.736296 
-0.134502 
1.007435 
-1.048600 
1.312543 
1.106160 
2.463537 
-0.807284 
0.911863 
-1.490796 
1.700843 
-0.142513 
1.560983 
0.031381 
-0.852594 
1.806713 
-0.756611 
-0.045312 
1.616056 
-1.384481 
-0.555537 
-1.329598 
1.929430 
-0.111724 
-0.445033 
-0.525872 
0.569141 
2.175443 
1.239584 
1.239292 
-0.252818 
-1.083604 
2.360973 
2.543525 
1.425702 
0.208092 
-0.590780 
0.604310 
1.021203 
-1.520938 
0.166415 
-0.103880 
1.558596 
-0.992409 
-0.890281 
-1.659452 
-0.240060 
0.365972 
2.956363 
-0.927537 
-1.530832 
-1.278243 
-2.208427 
-1.159201 
0.818166 
1.666152 
0.472281 
1.253232 
1.480815 
0.351877 
-0.527798 
0.632902 
0.771789 
0.488682 
0.689182 
0.139714 
1.240613 
1.090381 
-0.212570 
0.084650 
0.720537 
-1.795351 
-0.835654 
0.199867 
1.587193 
-1.154016 
-0.022417 
0.144719 
0.170286 
-0.399587 
-1.211229 
0.572720 
1.015466 
1.822146 
-0.043637 
-0.166547 
-1.323698 
0.207213 
-1.564513 
0.441353 
-1.138996 
-0.920462 
-0.296632 
1.519520 
-1.634117 
-0.629048 
0.521496 
-1.563543 
0.706041 
1.040403 
-0.148118 
-0.987933 
0.675328 
-1.436624 
1.406739 
-2.895696 
-1.660152 
1.142862 
-0.731185 
2.345776 
-0.417116 
-0.540923 
0.552865 
0.630167 
0.337835 
-1.054869 
-0.236044 
0.792089 
0.362791 
1.227988 
1.922968 
1.958242 
-1.226962 
1.268350 
-0.247074 
-1.760860 
-0.131216 
0.376467 
0.628572 
2.292754 
1.220115 
0.645978 
0.111210 
-1.065714 
1.299612 
-1.076367 
0.893633 
0.699512 
0.263544 
-1.752388 
-0.164630 
-0.974049 
0.686447 
-0.690409 
-0.028830 
-0.035623 
-1.407270 
1.284847 
-0.927330 
-1.485936 
0.146935 
-1.691782 
0.500625 
0.084753 
0.726758 
-0.238858 
-1.890034 
1.559814 
-1.444695 
0.004866 
1.837854 
1.948145 
1.592769 
1.699977 
-0.044985 
-1.283626 
0.289519 
-0.956428 
0.761829 
-1.727635 
2.436859 
0.444520 
-0.148377 
0.570135 
1.116291 
0.199094 
-0.443148 
1.144917 
-0.008278 
-0.677354 
0.517354 
-1.590489 
2.276142 
0.951704 
-0.541736 
-1.141475 
2.546076 
1.998584 
-1.271447 
-1.156846 
2.349412 
-1.807563 
-0.231683 
0.642082 
0.787903 
1.098710 
0.847779 
-0.867360 
2.010036 
-0.663068 
-0.348617 
-1.010295 
0.270420 
-1.212036 
1.670588 
2.020703 
1.996878 
0.928158 
-0.620643 
-0.964484 
-2.278359 
-0.825733 
1.865546 
-1.852911 
-0.868039 
-0.322701 
-1.097992 
1.090860 
-0.794246 
0.042031 
-1.212932 
-0.441567 
-0.327383 
1.913862 
-1.254265 
1.012395 
-1.510808 
-1.791161 
1.184812 
-0.910679 
-0.073190 
0.751300 
-0.517137 
1.891607 
0.666717 
2.885272 
0.681821 
-0.716592 
1.029503 
0.671075 
-0.081065 
-0.446983 
-2.279150 
-0.563272 
-0.353972 
-0.824039 
-1.760660 
-1.334219 
1.707897 
1.188815 
0.952222 
-0.967615 
-0.740497 
-1.383918 
-0.256345 
-0.347989 
-0.599702 
0.078380 
-0.497818 
-0.075459 
0.979122 
-0.193073 
0.466653 
-0.517046 
-0.789602 
-0.123014 
-1.336655 
0.785815 
-2.475169 
1.581766 
-3.001728 
-0.646388 
1.402100 
-0.236085 
0.871242 
1.851337 
1.088137 
-2.132662 
0.568723 
-0.997243 
0.677868 
-1.524192 
0.528586 
0.988479 
1.522549 
-1.343064 
-0.093272 
-0.602615 
-0.619425 
1.312974 
1.531832 
1.706544 
0.211671 
1.658885 
-0.265724 
-0.593719 
-1.053690 
-0.876937 
0.577560 
-0.091720 
0.813631 
-1.562218 
-0.142231 
-0.220502 
0.708679 
0.409524 
0.852204 
1.077179 
1.464390 
0.387385 
-1.298796 
-0.228689 
1.440468 
0.864926 
-0.546133 
1.024833 
-0.931251 
2.225443 
-1.295063 
2.336958 
0.461797 
0.386245 
2.778687 
-0.938750 
0.625375 
0.314675 
0.039081 
0.126203 
-1.325929 
0.855945 
0.183381 
-1.078711 
-0.921450 
-1.048989 
-1.380876 
-0.938013 
-1.964022 
2.578250 
-0.836539 
-0.951256 
-1.597647 
-0.659055 
-0.397025 
-2.070684 
0.115939 
0.480199 
1.315151 
-0.033292 
2.267873 
0.992761 
-1.613039 
1.717299 
0.336846 
0.601352 
-2.365788 
-1.292746 
0.580443 
1.295116 
0.453128 
1.794414 
0.515038 
1.056200 
1.584894 
-1.332589 
-0.304465 
-0.476337 
-0.771693 
0.487785 
-0.036625 
0.334011 
-0.361895 
0.492842 
-0.861262 
1.777622 
-0.007967 
2.263585 
0.264314 
-1.323067 
-1.135331 
0.366417 
-0.889637 
1.553422 
1.424142 
0.102147 
1.293687 
-0.520145 
-1.259548 
0.159769 
-0.670744 
-1.433608 
-0.571806 
0.676924 
-0.151444 
-0.464704 
-0.044402 
1.630434 
1.234649 
-1.197156 
-1.849625 
0.828655 
1.769288 
-1.505568 
-0.250081 
1.345152 
-0.726436 
2.482552 
0.041429 
1.054661 
-1.349599 
0.136880 
0.733875 
-1.802470 
-0.559315 
-0.442763 
1.930116 
-0.296669 
-0.867099 
1.512129 
1.122129 
0.917789 
-0.631689 
-0.276791 
-0.956011 
1.204700 
1.988529 
-0.866522 
0.925272 
1.559441 
1.309859 
1.111872 
-3.250011 
-0.899788 
0.886706 
-2.666106 
2.263604 
-0.137726 
2.524516 
0.476446 
0.001818 
-1.107027 
1.388922 
-1.160097 
-1.262709 
-0.505964 
-1.750623 
-2.109302 
-1.452570 
1.577513 
0.881144 
1.351770 
-0.840453 
0.904750 
-0.862500 
-1.685660 
-0.205066 
0.793004 
0.787801 
0.885838 
-1.350194 
-1.503391 
1.800672 
-0.286585 
-1.512257 
1.848173 
0.286153 
-1.787411 
0.926777 
-0.916435 
0.086887 
0.687765 
2.611555 
-0.470067 
-0.521856 
0.576351 
2.125381 
1.136863 
-0.383210 
-1.263426 
-0.179165 
0.973703 
-0.233072 
-1.648752 
1.669915 
0.529707 
-0.225942 
1.249731 
0.945605 
0.091567 
-1.419947 
0.315145 
1.741290 
1.170523 
-1.061775 
0.844570 
0.046224 
0.395900 
-1.736708 
-0.324774 
1.616723 
-1.715851 
1.417470 
-1.063783 
-1.155028 
-1.313384 
-1.554628 
-2.063525 
-1.694049 
-1.924613 
-0.618641 
0.019053 
0.911425 
1.688016 
1.343681 
0.347518 
-0.406017 
0.623135 
-1.271874 
-0.763937 
1.124684 
1.287196 
0.023982 
-1.123513 
-1.228503 
-1.908436 
0.957958 
0.236809 
-1.876027 
0.936956 
1.708564 
0.341195 
0.670710 
0.653948 
1.198607 
0.415633 
-1.420627 
1.712079 
1.764384 
-1.096928 
1.310208 
1.403264 
-1.171165 
0.088162 
0.418155 
1.178251 
0.417296 
1.426659 
0.739494 
-1.360894 
-1.639301 
-1.837645 
0.505583 
-1.715975 
-1.292704 
-0.521266 
-0.121027 
1.279626 
-1.809003 
2.032652 
0.727257 
2.300169 
-0.113744 
-2.025551 
1.064104 
-2.301188 
-0.924158 
-1.046622 
1.290758 
1.445607 
