5
0
10
11
2
13
13
12
0
5
15
5
2
9
8
5
13
10
3
6
10
2
12
1
8
6
13
0
11
9
13
12
14
4
0
9
2
11
15
2
9
7
1
11
7
13
6
3
12
6
15
10
10
0
0
8
0
8
6
5
6
5
12
12
1
4
5
2
5
1
15
10
6
1
10
7
14
1
11
0
2
3
3
10
12
12
0
7
6
8
14
10
13
8
5
7
3
8
15
3
1
15
15
8
6
14
15
13
14
3
14
14
7
5
15
0
1
12
3
12
1
3
12
11
8
8
12
14
4
11
2
11
2
0
0
12
13
9
14
2
0
9
4
6
3
10
8
14
0
0
6
5
8
14
0
11
2
3
11
15
6
5
5
0
1
7
11
14
9
0
7
5
10
5
13
6
4
14
8
7
9
1
3
6
0
13
14
11
9
3
7
9
11
0
5
7
5
9
12
3
2
8
11
9
7
11
3
15
6
7
9
15
0
11
3
14
15
7
0
5
8
14
10
12
8
5
11
9
4
1
0
10
1
2
0
5
3
7
11
9
5
9
11
3
11
10
7
13
7
5
5
5
3
8
12
15
3
0
9
4
9
6
2
14
2
6
4
9
2
13
13
10
14
0
9
13
7
2
15
1
0
11
12
10
7
7
3
4
1
14
7
12
8
7
10
14
1
1
11
4
