0
127
0
1
1
2
2
3
3
4
4
5
5
6
6
7
7
8
8
9
9
10
10
11
11
12
12
13
13
14
14
15
15
16
16
17
17
18
18
19
19
20
20
21
21
22
22
23
23
24
24
25
25
26
26
27
27
28
28
29
29
30
30
31
31
32
32
33
33
34
34
35
35
36
36
37
37
38
38
39
39
40
40
41
41
42
42
43
43
44
44
45
45
46
46
47
47
48
48
49
49
50
50
51
51
52
52
53
53
54
54
55
55
56
56
57
57
58
58
59
59
60
60
61
61
62
62
63
63
64
64
65
65
66
66
67
67
68
68
69
69
70
70
71
71
72
72
73
73
74
74
75
75
76
76
77
77
78
78
79
79
80
80
81
81
82
82
83
83
84
84
85
85
86
86
87
87
88
88
89
89
90
90
91
91
92
92
93
93
94
94
95
95
96
96
97
97
98
98
99
99
100
100
101
101
102
102
103
103
104
104
105
105
106
106
107
107
108
108
109
109
110
110
111
111
112
112
113
113
114
114
115
115
116
116
117
117
118
118
119
119
120
120
121
121
122
122
123
123
124
124
125
125
126
126
127
128
255
128
129
129
130
130
131
131
132
132
133
133
134
134
135
135
136
136
137
137
138
138
139
139
140
140
141
141
142
142
143
143
144
144
145
145
146
146
147
147
148
148
149
149
150
150
151
151
152
152
153
153
154
154
155
155
156
156
157
157
158
158
159
159
160
160
161
161
162
162
163
163
164
164
165
165
166
166
167
167
168
168
169
169
170
170
171
171
172
172
173
173
174
174
175
175
176
176
177
177
178
178
179
179
180
180
181
181
182
182
183
183
184
184
185
185
186
186
187
187
188
188
189
189
190
190
191
191
192
192
193
193
194
194
195
195
196
196
197
197
198
198
199
199
200
200
201
201
202
202
203
203
204
204
205
205
206
206
207
207
208
208
209
209
210
210
211
211
212
212
213
213
214
214
215
215
216
216
217
217
218
218
219
219
220
220
221
221
222
222
223
223
224
224
225
225
226
226
227
227
228
228
229
229
230
230
231
231
232
232
233
233
234
234
235
235
236
236
237
237
238
238
239
239
240
240
241
241
242
242
243
243
244
244
245
245
246
246
247
247
248
248
249
249
250
250
251
251
252
252
253
253
254
254
255
0
141
1
132
2
251
3
148
4
243
5
156
6
165
7
236
8
135
9
172
10
145
11
246
12
129
13
152
14
177
15
238
16
159
17
184
18
231
19
254
20
223
21
142
22
153
23
170
24
187
25
242
26
195
27
230
28
219
29
174
30
211
31
200
32
167
33
138
34
247
35
228
36
189
37
150
38
163
39
198
40
217
41
134
42
209
43
186
44
147
45
224
46
175
47
248
48
205
49
158
50
197
51
144
52
181
53
214
54
239
55
190
56
253
57
208
58
139
59
162
60
225
61
244
62
203
63
178
64
133
65
194
66
155
67
212
68
255
69
149
70
136
71
183
72
221
73
250
74
168
75
215
76
226
77
234
78
128
79
196
80
140
81
173
82
182
83
154
84
202
85
191
86
131
87
169
88
161
89
180
90
232
91
245
92
216
93
192
94
143
95
164
96
252
97
176
98
233
99
137
100
157
101
188
102
220
103
130
104
206
105
237
106
229
107
146
108
201
109
249
110
241
111
151
112
210
113
235
114
193
115
160
116
222
117
199
118
171
119
207
120
179
121
218
122
166
123
240
124
227
125
185
126
204
127
213
