7
29
35
8
15
36
9
16
37
10
17
38
11
18
39
12
19
40
13
20
41
14
21
42
0
22
43
1
23
44
2
24
30
3
25
31
4
26
32
5
27
33
6
28
34
22
44
50
23
30
51
24
31
52
25
32
53
26
33
54
27
34
55
28
35
56
29
36
57
15
37
58
16
38
59
17
39
45
18
40
46
19
41
47
20
42
48
21
43
49
37
59
65
38
45
66
39
46
67
40
47
68
41
48
69
42
49
70
43
50
71
44
51
72
30
52
73
31
53
74
32
54
60
33
55
61
34
56
62
35
57
63
36
58
64
52
74
88
53
60
89
54
61
75
55
62
76
56
63
77
57
64
78
58
65
79
59
66
80
45
67
81
46
68
82
47
69
83
48
70
84
49
71
85
50
72
86
51
73
87
67
76
103
68
77
104
69
78
90
70
79
91
71
80
92
72
81
93
73
82
94
74
83
95
60
84
96
61
85
97
62
86
98
63
87
99
64
88
100
65
89
101
66
75
102
82
104
110
83
90
111
84
91
112
85
92
113
86
93
114
87
94
115
88
95
116
89
96
117
75
97
118
76
98
119
77
99
105
78
100
106
79
101
107
80
102
108
81
103
109
97
119
125
98
105
126
99
106
127
100
107
128
101
108
129
102
109
130
103
110
131
104
111
132
90
112
133
91
113
134
92
114
120
93
115
121
94
116
122
95
117
123
96
118
124
112
134
140
113
120
141
114
121
142
115
122
143
116
123
144
117
124
145
118
125
146
119
126
147
105
127
148
106
128
149
107
129
135
108
130
136
109
131
137
110
132
138
111
133
139
13
127
149
14
128
135
0
129
136
1
130
137
2
131
138
3
132
139
4
133
140
5
134
141
6
120
142
7
121
143
8
122
144
9
123
145
10
124
146
11
125
147
12
126
148
1
28
142
2
29
143
3
15
144
4
16
145
5
17
146
6
18
147
7
19
148
8
20
149
9
21
135
10
22
136
11
23
137
12
24
138
13
25
139
14
26
140
0
27
141
10
16
43
11
17
44
12
18
30
13
19
31
14
20
32
0
21
33
1
22
34
2
23
35
3
24
36
4
25
37
5
26
38
6
27
39
7
28
40
8
29
41
9
15
42
25
31
58
26
32
59
27
33
45
28
34
46
29
35
47
15
36
48
16
37
49
17
38
50
18
39
51
19
40
52
20
41
53
21
42
54
22
43
55
23
44
56
24
30
57
40
46
73
41
47
74
42
48
60
43
49
61
44
50
62
30
51
63
31
52
64
32
53
65
33
54
66
34
55
67
35
56
68
36
57
69
37
58
70
38
59
71
39
45
72
55
61
84
56
62
85
57
63
86
58
64
87
59
65
88
45
66
89
46
67
75
47
68
76
48
69
77
49
70
78
50
71
79
51
72
80
52
73
81
53
74
82
54
60
83
70
87
99
71
88
100
72
89
101
73
75
102
74
76
103
60
77
104
61
78
90
62
79
91
63
80
92
64
81
93
65
82
94
66
83
95
67
84
96
68
85
97
69
86
98
85
91
118
86
92
119
87
93
105
88
94
106
89
95
107
75
96
108
76
97
109
77
98
110
78
99
111
79
100
112
80
101
113
81
102
114
82
103
115
83
104
116
84
90
117
100
106
133
101
107
134
102
108
120
103
109
121
104
110
122
90
111
123
91
112
124
92
113
125
93
114
126
94
115
127
95
116
128
96
117
129
97
118
130
98
119
131
99
105
132
115
121
148
116
122
149
117
123
135
118
124
136
119
125
137
105
126
138
106
127
139
107
128
140
108
129
141
109
130
142
110
131
143
111
132
144
112
133
145
113
134
146
114
120
147
9
130
136
10
131
137
11
132
138
12
133
139
13
134
140
14
120
141
0
121
142
1
122
143
2
123
144
3
124
145
4
125
146
5
126
147
6
127
148
7
128
149
8
129
135
12
24
145
13
25
146
14
26
147
0
27
148
1
28
149
2
29
135
3
15
136
4
16
137
5
17
138
6
18
139
7
19
140
8
20
141
9
21
142
10
22
143
11
23
144
