171
21
213
92
167
78
117
100
44
27
165
140
153
254
164
118
82
220
250
25
193
229
16
244
34
143
154
86
78
240
152
137
144
148
96
182
84
168
219
52
154
144
88
50
128
210
228
235
195
124
33
218
37
108
120
186
72
250
204
148
22
3
193
114
102
101
107
19
116
138
71
234
226
116
75
45
110
169
249
140
93
152
206
30
192
134
82
131
241
135
16
22
16
108
32
187
16
29
175
225
177
222
79
6
220
111
191
37
117
113
122
204
10
116
175
224
54
159
149
167
217
159
71
1
3
25
11
162
41
180
137
65
14
168
58
15
37
24
109
93
6
230
156
207
192
170
196
235
218
175
196
227
221
154
34
206
228
90
65
197
66
32
19
138
98
116
191
143
236
24
73
119
29
56
153
243
219
127
125
93
246
33
122
102
117
25
0
176
143
51
60
40
210
84
147
148
127
128
149
219
190
15
147
210
64
67
214
170
75
3
198
14
149
99
199
75
252
161
113
228
99
90
90
94
48
133
107
9
201
140
57
35
130
174
32
87
138
245
21
113
130
153
208
227
168
142
92
94
119
250
99
235
147
74
209
207
169
49
140
3
44
111
202
191
24
21
1
156
119
86
173
190
185
94
247
111
169
254
79
35
52
115
222
140
101
4
32
191
103
238
193
108
80
96
62
75
157
112
190
11
26
41
102
143
158
130
250
147
4
127
140
163
245
181
120
107
153
253
91
188
154
245
183
125
146
176
230
123
7
200
110
56
121
14
78
205
214
254
238
230
241
91
5
131
35
233
9
151
218
23
79
197
116
27
218
7
194
198
194
11
34
14
182
149
142
96
127
18
211
224
212
228
117
64
60
82
123
253
181
231
135
165
206
197
157
5
77
134
4
123
117
177
140
47
76
75
86
189
132
110
110
8
185
210
100
32
22
118
109
171
167
124
203
47
68
109
99
217
119
12
156
84
57
204
201
182
148
162
238
202
202
40
89
230
123
73
115
141
163
64
149
106
172
157
185
50
186
202
140
111
167
25
21
90
183
180
54
97
50
235
35
39
195
197
218
65
255
64
85
133
226
77
242
82
228
182
242
46
14
91
51
133
239
135
26
122
226
180
81
148
189
199
253
169
170
62
213
9
78
166
98
4
45
100
14
176
13
158
233
50
237
129
76
191
46
122
94
146
51
64
254
121
150
55
19
18
149
191
205
120
124
200
167
45
189
96
221
10
117
108
205
144
1
83
212
101
47
240
217
72
218
134
210
109
33
53
125
43
224
228
219
144
69
96
151
66
253
73
97
82
200
241
139
67
250
142
161
73
237
31
97
61
82
157
255
28
163
109
114
116
20
209
15
148
32
63
141
174
200
124
205
84
187
32
205
146
228
207
170
44
183
34
87
248
42
29
55
171
236
129
242
21
245
73
128
84
140
215
64
172
100
193
200
177
113
196
242
151
26
92
214
102
110
168
233
63
44
93
238
67
60
255
132
229
111
149
220
199
102
237
183
74
98
173
25
101
96
105
138
21
180
6
214
108
154
218
128
122
191
49
236
231
253
7
77
164
53
202
113
148
245
143
156
191
34
68
182
81
245
137
232
34
162
139
157
224
254
88
5
5
15
186
155
226
112
108
154
180
36
217
120
64
110
218
228
16
177
191
207
54
25
108
125
231
89
180
52
38
204
134
231
252
111
133
58
160
227
42
131
215
135
212
46
149
66
54
229
79
252
180
153
206
201
47
196
208
135
164
28
111
14
253
223
186
12
42
131
174
193
115
11
149
191
108
241
109
11
245
247
44
67
160
241
207
113
75
124
85
227
19
233
152
115
195
93
152
102
250
34
247
215
117
101
92
87
253
81
139
65
26
236
208
23
100
75
252
247
133
180
37
236
51
71
20
115
207
107
159
102
208
81
180
237
219
25
207
118
23
7
93
254
204
77
37
28
164
185
119
204
249
253
15
25
124
194
33
84
94
118
89
128
137
213
30
234
0
99
31
193
177
173
249
105
116
25
212
96
170
202
17
170
44
73
190
160
64
83
210
33
59
210
123
244
252
90
233
45
137
156
83
181
109
159
155
242
224
14
122
111
66
59
195
150
50
220
23
54
85
190
216
108
94
228
223
86
188
178
136
2
135
158
38
45
58
190
118
149
198
158
44
52
37
250
75
139
72
72
132
206
29
242
151
110
188
64
26
40
120
128
45
66
179
99
52
96
167
167
170
111
250
66
111
22
125
111
87
65
120
4
112
112
5
144
59
178
208
191
206
115
248
203
206
163
135
121
102
54
239
113
234
230
219
26
81
34
84
93
132
66
71
74
186
24
18
137
45
193
49
224
88
168
4
179
8
28
100
82
13
167
185
10
23
21
189
240
229
68
142
163
153
228
233
71
154
155
200
81
201
27
178
189
250
109
79
108
199
82
36
230
70
238
70
183
204
162
22
47
199
152
217
133
10
202
226
64
254
46
186
218
82
212
4
171
212
159
166
121
155
156
187
79
205
126
165
196
253
64
117
230
250
229
183
220
40
139
10
179
243
64
125
30
252
137
202
116
227
172
155
57
229
65
144
63
68
2
153
107
196
57
98
58
18
238
112
3
171
253
20
150
32
134
183
111
148
154
42
237
9
75
27
250
177
156
12
49
106
88
123
30
39
168
99
214
75
80
35
19
94
114
184
203
174
57
227
85
253
207
177
243
80
74
206
124
176
14
72
115
199
104
204
160
193
18
202
32
38
42
160
110
194
101
158
118
220
137
5
172
34
209
88
118
75
103
26
158
10
70
163
177
5
20
252
179
52
42
211
244
106
35
190
198
228
141
241
91
203
1
137
210
223
131
166
179
59
154
164
93
233
152
145
22
48
178
81
57
5
10
209
252
83
56
252
162
227
74
5
181
199
140
170
191
110
233
3
247
148
108
104
47
239
170
199
150
171
233
43
162
159
120
40
219
16
240
226
93
29
85
216
153
222
220
251
190
181
17
226
161
66
143
16
160
26
59
225
27
199
133
252
131
79
229
109
63
87
109
54
4
237
89
187
225
113
47
95
18
208
167
112
202
81
1
66
140
67
102
33
117
200
81
70
37
81
85
117
3
69
186
169
102
15
178
21
202
44
16
138
197
123
208
238
86
136
201
180
140
97
123
112
34
167
51
251
37
142
146
228
139
238
182
26
60
61
98
107
164
9
57
76
78
18
195
218
31
174
55
56
97
209
3
63
176
82
245
114
101
52
59
179
42
171
67
60
123
12
229
221
75
83
180
54
51
102
94
71
194
129
86
213
207
110
162
120
146
202
99
113
54
48
1
6
201
89
42
250
241
173
12
155
133
73
7
99
235
240
18
186
74
163
78
147
2
9
224
140
196
36
246
131
197
143
59
185
187
56
28
167
141
225
169
2
137
126
114
152
102
175
216
41
43
85
177
48
62
11
4
132
245
169
106
114
52
62
173
78
207
150
63
128
117
86
250
183
22
227
115
223
82
134
70
104
202
12
110
47
164
90
86
96
175
58
206
0
223
26
141
206
137
93
53
41
148
18
247
67
22
41
54
70
227
226
214
216
177
212
178
215
156
205
88
58
7
102
184
57
209
235
214
76
50
14
233
143
102
32
159
171
70
44
67
167
224
231
122
151
179
6
203
129
247
125
0
24
91
170
164
128
15
188
59
50
133
44
191
43
20
255
53
1
62
111
18
218
87
159
138
181
220
253
208
127
250
93
39
153
224
95
5
45
223
4
31
78
219
178
11
207
149
43
68
30
38
89
137
187
186
69
58
212
202
71
61
53
2
77
54
157
96
230
220
147
21
131
144
2
129
196
77
242
60
78
135
250
30
135
216
200
182
142
177
27
11
35
183
190
145
228
238
192
40
68
162
16
130
49
119
221
39
48
130
12
45
69
88
21
164
173
232
242
41
203
114
61
156
185
165
16
6
130
244
87
214
160
183
92
113
69
168
137
103
32
58
92
205
157
196
245
240
82
105
112
31
138
184
182
191
120
229
42
164
171
130
211
217
210
182
81
95
224
85
134
18
57
73
219
133
19
64
164
142
66
27
247
51
60
171
104
213
210
231
95
13
179
178
241
27
37
111
40
186
56
214
171
250
6
101
198
190
140
127
7
178
165
160
171
9
222
184
157
123
3
53
45
78
60
55
8
30
5
66
113
238
79
159
222
69
167
44
1
214
197
160
196
169
42
184
122
237
245
191
144
109
228
134
21
167
150
45
115
33
144
81
84
244
128
235
112
242
143
85
11
176
50
2
201
112
164
85
25
14
72
231
156
181
0
71
199
47
204
32
66
187
67
57
202
158
25
12
118
118
107
113
32
169
18
153
3
120
226
93
96
248
11
210
49
57
26
232
225
196
170
3
178
174
40
89
139
160
154
215
10
128
135
205
215
46
28
96
86
164
5
138
7
107
36
195
118
199
57
78
216
154
222
92
103
8
200
1
65
207
241
233
139
244
35
187
112
246
167
62
250
33
5
143
30
213
199
220
207
89
166
53
164
185
235
177
167
106
39
171
149
218
60
196
211
16
136
68
99
237
234
136
3
65
31
57
109
89
16
230
34
0
20
246
138
152
81
211
40
75
214
2
34
31
161
76
144
120
223
213
249
179
27
92
124
74
70
247
90
45
111
218
196
225
164
183
136
249
224
123
121
92
220
150
227
39
196
38
31
2
79
54
151
225
120
120
113
97
50
171
27
117
235
111
167
93
100
38
171
119
143
3
202
129
183
189
180
106
238
57
87
209
226
117
105
17
111
185
213
71
189
26
43
106
231
120
114
206
124
120
22
150
227
118
224
62
156
101
10
218
110
141
55
36
70
126
162
61
8
124
37
15
2
172
206
255
233
241
135
168
94
40
69
133
71
136
253
87
168
15
37
187
190
126
163
245
100
101
211
20
253
193
202
110
199
82
50
36
16
215
8
210
243
254
249
247
225
66
237
166
198
197
123
26
159
73
84
216
227
136
8
80
151
28
38
225
40
147
166
99
29
2
237
41
130
176
211
176
92
144
191
122
41
244
40
228
165
201
140
126
223
166
73
168
98
208
68
255
217
100
197
75
37
91
58
52
242
87
143
81
91
205
207
84
197
83
55
2
14
48
48
18
73
80
236
67
129
252
195
9
57
174
140
184
220
62
40
0
102
141
33
129
156
157
109
109
246
251
192
98
240
36
63
94
0
0
199
117
45
130
34
198
125
17
81
203
215
20
168
17
176
47
115
237
150
69
126
242
26
223
248
236
43
206
37
103
144
111
88
246
139
161
100
201
216
169
170
185
192
74
195
216
113
100
25
52
113
164
195
110
172
75
223
82
187
197
232
165
206
209
146
68
109
26
39
123
29
237
254
47
192
224
127
106
187
202
161
52
87
75
223
193
201
2
171
251
131
193
206
41
82
153
28
248
36
197
111
109
74
117
32
71
135
106
142
57
116
56
116
42
101
15
183
85
124
49
82
63
214
97
55
240
124
110
81
198
67
244
57
197
87
231
51
55
50
72
130
174
146
238
174
183
110
75
154
182
112
207
79
99
6
210
199
156
129
21
196
4
128
18
129
49
143
114
83
140
199
86
236
75
75
28
205
84
245
74
67
206
102
218
106
16
188
84
174
69
246
173
13
42
23
41
188
253
34
6
34
189
231
67
232
21
30
12
220
136
109
121
167
39
125
70
24
34
166
1
45
153
219
96
220
105
87
157
255
225
247
120
154
247
77
84
62
0
0
0
0
0
0
0
0
0
0
0
0
0
0
0
0
0
0
233
183
110
188
78
171
174
173
59
233
113
127
56
217
100
95
132
111
10
227
27
189
150
11
85
140
169
162
43
62
202
153
121
25
174
239
173
181
196
10
55
138
101
251
185
123
3
136
111
6
99
128
199
224
67
108
70
27
34
25
164
166
159
203
247
213
21
28
97
189
155
229
255
156
220
74
240
61
9
127
9
111
235
143
88
85
51
237
0
41
71
174
201
16
149
187
237
147
102
177
194
111
23
1
160
199
79
180
218
207
227
19
232
28
78
106
137
65
228
72
92
3
192
93
63
69
34
194
6
217
23
122
222
230
245
69
140
66
170
209
60
22
22
105
109
132
45
38
139
191
138
7
113
71
242
240
216
13
215
2
233
3
212
5
2
221
13
195
99
89
83
238
6
203
243
168
83
245
104
100
52
45
203
188
101
236
23
182
29
127
187
13
194
84
248
30
64
183
200
114
1
209
200
182
209
131
211
58
38
77
149
214
196
60
185
151
118
154
202
221
153
5
28
174
144
12
172
218
109
211
17
18
212
34
64
50
173
107
73
91
61
93
53
79
137
137
217
170
124
174
123
45
101
115
149
117
255
156
230
184
206
226
149
207
119
94
245
226
214
115
245
6
99
154
154
87
56
133
169
213
19
113
90
203
93
150
77
57
135
159
99
23
241
83
163
70
179
221
107
168
92
2
19
61
139
251
105
126
199
78
3
30
217
173
239
222
167
227
225
19
42
151
9
6
140
12
130
241
164
155
103
17
187
70
42
37
220
159
150
175
8
60
161
103
239
137
181
184
199
120
106
51
235
223
127
206
89
198
29
56
177
186
235
44
238
254
51
172
9
143
163
59
49
57
121
16
34
47
132
182
151
49
101
70
239
144
153
159
113
44
145
138
176
88
35
5
74
118
235
111
224
41
224
120
68
203
45
192
154
226
195
108
21
254
77
125
152
187
188
175
215
203
19
98
243
249
177
232
207
74
46
16
157
36
138
119
193
100
223
149
88
196
49
65
147
246
35
253
151
50
220
57
28
97
141
134
187
180
199
190
232
90
241
24
192
58
9
55
34
61
165
64
106
61
175
75
150
145
107
95
215
210
25
156
44
15
203
138
26
198
202
123
1
161
182
7
167
253
15
102
157
15
198
97
130
14
86
46
64
83
197
127
111
93
61
199
168
52
236
149
164
65
26
67
114
198
234
216
249
40
122
165
66
130
133
240
222
232
3
180
37
105
105
211
244
132
117
74
179
45
212
49
217
120
173
231
2
236
212
71
251
171
193
47
10
34
203
28
95
160
148
178
227
255
210
250
149
43
72
232
56
84
92
64
50
242
137
176
109
90
89
0
25
219
145
41
20
120
53
121
31
19
80
252
114
98
237
137
251
156
206
197
106
200
193
246
17
161
216
221
182
149
26
81
115
84
239
93
92
245
71
25
87
38
80
48
214
13
217
90
223
238
53
142
199
168
120
28
14
155
19
73
68
121
92
139
233
201
147
235
124
16
248
203
137
30
53
55
244
114
47
69
223
76
203
252
226
211
234
225
243
220
235
163
223
92
79
32
176
26
207
172
100
51
198
82
214
134
219
221
27
122
124
10
106
50
190
222
4
248
236
40
26
236
173
55
204
12
207
208
150
142
85
126
101
196
24
235
174
67
73
120
195
226
217
195
235
40
237
184
84
90
245
194
105
150
61
105
53
136
102
47
210
90
150
131
251
250
247
151
129
222
101
184
38
56
211
0
214
154
198
151
114
233
184
56
225
124
80
97
253
125
146
74
209
88
43
227
207
82
170
178
197
10
21
250
195
232
44
126
21
228
172
63
154
37
210
62
198
155
78
186
96
48
187
13
255
253
93
163
152
203
198
216
104
131
172
19
236
104
80
180
95
63
181
246
175
133
195
3
57
47
34
176
111
134
168
108
85
149
122
159
81
180
51
29
5
214
180
231
174
12
46
21
239
192
115
72
225
181
89
131
131
67
129
7
253
14
255
245
11
124
71
66
89
175
102
76
120
112
159
100
125
220
162
154
62
83
35
68
251
104
214
218
61
101
151
132
171
245
67
99
20
57
251
178
243
90
170
220
79
115
92
9
180
76
44
130
246
237
169
62
40
117
144
224
77
92
190
216
136
62
119
126
210
171
143
59
5
205
176
198
195
194
46
210
206
218
23
23
119
104
180
185
143
44
101
134
198
82
12
158
73
221
136
13
238
103
124
138
140
15
172
142
255
213
81
133
94
112
138
65
22
122
90
194
251
203
251
97
205
50
48
217
180
68
249
156
253
186
180
63
81
23
64
231
5
144
220
112
60
179
175
19
139
17
85
220
49
89
10
219
149
25
166
120
208
174
158
40
186
30
190
129
132
140
186
254
216
61
199
29
137
110
98
60
92
85
109
207
83
66
195
57
2
160
217
16
50
26
217
90
187
197
141
26
62
72
139
160
197
55
55
183
245
139
97
76
248
91
180
136
91
163
65
61
132
217
182
131
108
88
240
144
207
126
154
37
31
28
22
155
98
61
159
204
77
153
66
219
194
39
123
197
5
235
149
153
35
160
37
130
144
19
188
151
132
184
63
210
65
55
152
132
20
220
124
11
71
116
89
57
68
67
203
203
208
177
206
75
200
72
158
7
226
255
140
151
34
184
13
157
4
228
139
31
211
44
248
42
212
80
254
158
219
73
214
227
93
10
97
198
62
207
10
64
87
86
203
237
41
42
233
253
82
23
166
166
251
74
83
44
35
54
104
69
176
43
63
184
98
57
90
50
176
125
233
95
129
140
89
24
93
175
82
120
174
241
222
236
80
252
69
91
1
207
101
130
103
198
103
176
71
118
40
64
158
185
202
222
250
165
5
59
30
146
64
235
87
33
254
34
13
234
162
0
55
51
150
144
240
179
65
1
215
150
75
52
245
132
232
126
47
188
108
115
47
138
155
176
142
150
232
104
114
122
164
89
204
232
64
144
193
233
165
133
1
127
181
100
144
85
223
37
173
159
84
11
167
85
212
138
6
56
152
51
247
131
109
227
14
234
139
43
101
108
144
93
41
246
164
81
55
147
41
157
184
77
126
81
76
16
112
33
191
64
228
131
141
190
151
241
103
87
14
252
93
84
193
201
20
43
250
228
45
135
76
255
188
152
193
84
228
122
210
108
109
19
214
141
89
106
12
30
122
128
16
168
179
127
37
211
15
128
65
151
124
219
255
207
137
138
212
21
188
162
228
152
228
69
102
234
132
4
122
162
65
102
161
250
78
69
177
178
114
143
222
176
79
241
170
11
226
44
251
120
160
229
88
243
46
9
18
251
160
52
132
120
147
31
237
117
143
80
192
208
22
123
236
19
214
162
195
220
97
150
85
13
37
168
38
198
191
164
213
184
71
184
131
72
156
129
39
54
113
34
112
118
16
0
246
58
253
177
221
83
145
183
127
75
1
96
198
34
124
73
188
222
63
162
101
13
83
5
46
203
223
67
44
21
196
49
231
220
2
53
213
82
7
131
213
0
35
110
61
180
251
28
238
137
198
126
169
167
191
49
238
33
71
152
219
47
244
233
207
85
190
110
114
227
50
134
22
77
77
97
31
80
134
74
233
181
45
23
131
38
153
33
178
158
249
103
158
226
167
181
161
76
206
47
187
243
169
230
234
254
172
210
201
140
90
108
92
192
59
57
172
18
235
165
247
133
35
155
149
162
72
7
214
148
37
185
159
75
184
110
221
170
123
187
88
86
94
61
19
217
169
61
34
53
252
233
127
149
68
88
184
100
8
123
19
189
59
203
85
239
131
134
245
226
88
5
10
5
203
253
150
46
113
200
47
142
177
130
30
243
2
77
112
251
114
127
19
134
187
20
184
99
139
74
25
206
134
232
62
65
69
232
56
146
199
73
101
160
214
90
10
5
32
205
164
230
1
152
156
64
20
190
175
126
190
55
134
44
228
186
214
193
228
161
152
152
68
150
254
54
62
224
121
95
133
182
139
192
5
216
23
72
67
18
68
4
43
70
100
155
171
68
65
74
95
96
131
178
156
5
166
178
100
155
58
37
126
149
223
240
230
245
24
219
97
214
254
230
79
86
227
13
42
104
198
91
41
123
251
92
16
235
25
146
126
75
89
159
27
232
56
59
92
164
128
205
5
240
5
10
10
109
230
90
82
135
45
105
5
187
42
139
117
177
33
162
184
106
10
5
128
18
95
241
32
5
136
239
253
46
165
103
80
97
101
98
228
70
61
123
101
246
188
34
142
45
154
22
143
189
151
215
226
167
213
35
76
99
44
75
203
32
100
19
207
153
244
32
152
55
36
128
55
69
97
45
107
175
36
125
231
160
253
81
42
218
24
178
26
226
236
176
161
222
62
154
16
175
159
90
126
31
221
133
95
220
174
102
226
238
134
8
204
225
41
108
83
181
163
173
89
29
252
221
93
195
85
31
117
79
45
185
207
95
136
106
137
141
166
16
16
3
6
201
27
240
187
252
232
241
78
168
239
3
234
23
14
195
132
226
196
220
191
35
72
174
56
84
140
242
90
44
27
132
13
246
180
136
131
152
100
154
220
237
187
87
83
163
89
185
12
107
237
95
203
176
217
157
162
55
195
206
204
241
250
114
211
147
187
140
35
77
92
27
106
139
203
84
104
42
49
156
72
84
238
193
165
147
170
78
135
215
141
63
240
186
194
171
132
243
179
6
64
176
124
132
23
183
193
190
243
42
247
23
48
113
98
68
107
146
132
38
20
168
71
187
155
124
29
195
88
237
80
75
222
54
114
207
69
223
222
198
84
55
94
64
228
70
114
145
253
185
243
109
88
126
177
245
141
104
38
245
228
205
247
45
110
81
187
174
197
151
135
151
124
184
21
6
172
116
178
78
128
245
104
140
0
253
237
224
19
17
113
180
185
144
216
67
24
39
72
149
22
171
160
112
59
51
19
129
7
5
6
202
84
180
155
242
245
69
144
248
253
47
129
236
125
212
147
173
119
210
106
26
186
196
226
197
162
209
220
44
204
17
174
137
166
248
69
188
97
128
1
201
252
153
188
203
29
138
229
34
66
83
182
157
178
7
12
117
176
15
169
159
145
39
200
42
80
65
129
96
181
183
239
179
117
234
199
219
154
19
187
204
143
220
221
37
28
45
10
0
175
162
76
1
87
181
36
155
241
117
247
204
109
209
240
81
236
40
201
174
54
238
91
169
98
143
71
164
251
56
7
154
134
255
99
76
35
148
7
239
34
190
195
143
254
161
234
99
243
249
161
97
216
163
47
188
72
2
17
24
129
109
253
190
252
30
25
197
127
171
88
13
114
20
41
102
31
255
49
251
199
134
110
58
76
4
82
31
127
109
33
138
166
27
49
32
211
79
203
254
176
192
142
101
182
19
225
231
128
42
130
143
36
132
150
207
191
225
58
80
102
17
86
108
13
134
96
86
230
15
9
10
137
29
175
179
38
230
25
70
210
128
38
66
255
182
140
94
175
155
44
51
103
220
211
2
213
137
135
254
46
180
14
96
13
201
63
33
61
166
171
125
213
225
161
202
190
14
152
51
113
62
130
183
2
199
204
157
254
106
199
231
13
236
113
249
42
214
35
128
73
214
76
191
35
214
117
196
220
50
153
183
174
40
131
209
95
174
72
178
199
22
88
221
47
214
131
244
196
181
179
154
72
188
243
114
23
129
98
159
142
146
145
57
59
95
146
3
131
157
157
163
93
153
19
57
17
3
212
48
72
156
102
161
172
58
157
110
118
51
47
13
