12
22
7
0
22
8
29
31
12
21
8
1
15
15
20
16
14
22
18
29
12
19
20
7
18
4
27
0
27
26
28
19
15
6
24
5
14
22
14
3
5
2
28
23
22
15
27
7
19
28
5
19
29
29
24
5
17
26
22
8
11
14
10
1
1
8
9
0
10
13
29
25
11
6
25
27
20
31
11
21
10
20
28
12
30
12
4
20
18
24
23
2
12
18
9
13
27
11
16
9
26
28
23
17
1
15
5
7
14
13
0
30
15
18
3
26
28
4
13
20
12
7
30
3
9
14
13
19
12
24
4
17
20
5
0
22
11
8
20
22
1
6
5
5
13
11
22
25
25
7
13
3
31
11
13
7
15
5
2
27
17
25
27
13
14
23
6
30
18
19
10
8
3
18
1
2
20
31
1
18
17
29
4
20
28
6
6
12
7
18
5
19
17
0
18
13
21
14
21
21
17
15
25
29
23
0
16
15
19
15
28
9
3
24
0
18
29
9
9
17
14
25
14
27
5
13
5
25
15
26
23
25
17
19
4
30
17
15
1
1
0
20
23
22
24
8
25
11
1
3
9
14
21
27
15
16
16
23
25
21
15
9
8
1
1
15
27
19
31
9
24
20
11
31
6
22
13
23
4
13
24
27
25
15
4
1
26
7
4
26
28
30
13
30
14
24
20
0
7
21
28
5
31
22
27
30
4
5
29
3
