76
161
278
77
162
279
78
163
280
79
164
281
80
165
282
81
166
283
82
167
284
83
168
285
84
169
286
85
170
287
86
171
288
87
172
289
88
173
290
89
174
291
90
175
292
91
176
293
92
177
294
93
178
295
94
179
296
95
180
297
96
181
298
97
182
299
98
183
300
99
184
301
100
185
302
101
186
303
102
187
304
103
188
305
104
189
306
105
190
307
106
191
308
107
192
309
108
193
310
109
194
311
110
195
312
111
196
313
112
197
314
113
198
315
114
199
316
115
200
317
116
201
318
117
202
319
118
203
320
119
204
321
120
205
322
121
206
323
122
207
324
123
208
325
124
209
326
125
210
327
126
211
328
0
212
329
1
213
330
2
214
331
3
215
332
4
216
333
5
217
334
6
218
335
7
219
336
8
220
337
9
221
338
10
222
339
11
223
340
12
224
341
13
225
342
14
226
343
15
227
344
16
228
345
17
229
346
18
230
347
19
231
348
20
232
349
21
233
350
22
234
351
23
235
352
24
236
353
25
237
354
26
238
355
27
239
356
28
240
357
29
241
358
30
242
359
31
243
360
32
244
361
33
245
362
34
246
363
35
247
364
36
248
365
37
249
366
38
250
367
39
251
368
40
252
369
41
253
370
42
127
371
43
128
372
44
129
373
45
130
374
46
131
375
47
132
376
48
133
377
49
134
378
50
135
379
51
136
380
52
137
254
53
138
255
54
139
256
55
140
257
56
141
258
57
142
259
58
143
260
59
144
261
60
145
262
61
146
263
62
147
264
63
148
265
64
149
266
65
150
267
66
151
268
67
152
269
68
153
270
69
154
271
70
155
272
71
156
273
72
157
274
73
158
275
74
159
276
75
160
277
203
288
405
204
289
406
205
290
407
206
291
408
207
292
409
208
293
410
209
294
411
210
295
412
211
296
413
212
297
414
213
298
415
214
299
416
215
300
417
216
301
418
217
302
419
218
303
420
219
304
421
220
305
422
221
306
423
222
307
424
223
308
425
224
309
426
225
310
427
226
311
428
227
312
429
228
313
430
229
314
431
230
315
432
231
316
433
232
317
434
233
318
435
234
319
436
235
320
437
236
321
438
237
322
439
238
323
440
239
324
441
240
325
442
241
326
443
242
327
444
243
328
445
244
329
446
245
330
447
246
331
448
247
332
449
248
333
450
249
334
451
250
335
452
251
336
453
252
337
454
253
338
455
127
339
456
128
340
457
129
341
458
130
342
459
131
343
460
132
344
461
133
345
462
134
346
463
135
347
464
136
348
465
137
349
466
138
350
467
139
351
468
140
352
469
141
353
470
142
354
471
143
355
472
144
356
473
145
357
474
146
358
475
147
359
476
148
360
477
149
361
478
150
362
479
151
363
480
152
364
481
153
365
482
154
366
483
155
367
484
156
368
485
157
369
486
158
370
487
159
371
488
160
372
489
161
373
490
162
374
491
163
375
492
164
376
493
165
377
494
166
378
495
167
379
496
168
380
497
169
254
498
170
255
499
171
256
500
172
257
501
173
258
502
174
259
503
175
260
504
176
261
505
177
262
506
178
263
507
179
264
381
180
265
382
181
266
383
182
267
384
183
268
385
184
269
386
185
270
387
186
271
388
187
272
389
188
273
390
189
274
391
190
275
392
191
276
393
192
277
394
193
278
395
194
279
396
195
280
397
196
281
398
197
282
399
198
283
400
199
284
401
200
285
402
201
286
403
202
287
404
330
415
532
331
416
533
332
417
534
333
418
535
334
419
536
335
420
537
336
421
538
337
422
539
338
423
540
339
424
541
340
425
542
341
426
543
342
427
544
343
428
545
344
429
546
345
430
547
346
431
548
347
432
549
348
433
550
349
434
551
350
435
552
351
436
553
352
437
554
353
438
555
354
439
556
355
440
557
356
441
558
357
442
559
358
443
560
359
444
561
360
445
562
361
446
563
362
447
564
363
448
565
364
449
566
365
450
567
366
451
568
367
452
569
368
453
570
369
454
571
370
455
572
371
456
573
372
457
574
373
458
575
374
459
576
375
460
577
376
461
578
377
462
579
378
463
580
379
464
581
380
465
582
254
466
583
255
467
584
256
468
585
257
469
586
258
470
587
259
471
588
260
472
589
261
473
590
262
474
591
263
475
592
264
476
593
265
477
594
266
478
595
267
479
596
268
480
597
269
481
598
270
482
599
271
483
600
272
484
601
273
485
602
274
486
603
275
487
604
276
488
605
277
489
606
278
490
607
279
491
608
280
492
609
281
493
610
282
494
611
283
495
612
284
496
613
285
497
614
286
498
615
287
499
616
288
500
617
289
501
618
290
502
619
291
503
620
292
504
621
293
505
622
294
506
623
295
507
624
296
381
625
297
382
626
298
383
627
299
384
628
300
385
629
301
386
630
302
387
631
303
388
632
304
389
633
305
390
634
306
391
508
307
392
509
308
393
510
309
394
511
310
395
512
311
396
513
312
397
514
313
398
515
314
399
516
315
400
517
316
401
518
317
402
519
318
403
520
319
404
521
320
405
522
321
406
523
322
407
524
323
408
525
324
409
526
325
410
527
326
411
528
327
412
529
328
413
530
329
414
531
457
542
638
458
543
639
459
544
640
460
545
641
461
546
642
462
547
643
463
548
644
464
549
645
465
550
646
466
551
647
467
552
648
468
553
649
469
554
650
470
555
651
471
556
652
472
557
653
473
558
654
474
559
655
475
560
656
476
561
657
477
562
658
478
563
659
479
564
660
480
565
661
481
566
662
482
567
663
483
568
664
484
569
665
485
570
666
486
571
667
487
572
668
488
573
669
489
574
670
490
575
671
491
576
672
492
577
673
493
578
674
494
579
675
495
580
676
496
581
677
497
582
678
498
583
679
499
584
680
500
585
681
501
586
682
502
587
683
503
588
684
504
589
685
505
590
686
506
591
687
507
592
688
381
593
689
382
594
690
383
595
691
384
596
692
385
597
693
386
598
694
387
599
695
388
600
696
389
601
697
390
602
698
391
603
699
392
604
700
393
605
701
394
606
702
395
607
703
396
608
704
397
609
705
398
610
706
399
611
707
400
612
708
401
613
709
402
614
710
403
615
711
404
616
712
405
617
713
406
618
714
407
619
715
408
620
716
409
621
717
410
622
718
411
623
719
412
624
720
413
625
721
414
626
722
415
627
723
416
628
724
417
629
725
418
630
726
419
631
727
420
632
728
421
633
729
422
634
730
423
508
731
424
509
732
425
510
733
426
511
734
427
512
735
428
513
736
429
514
737
430
515
738
431
516
739
432
517
740
433
518
741
434
519
742
435
520
743
436
521
744
437
522
745
438
523
746
439
524
747
440
525
748
441
526
749
442
527
750
443
528
751
444
529
752
445
530
753
446
531
754
447
532
755
448
533
756
449
534
757
450
535
758
451
536
759
452
537
760
453
538
761
454
539
635
455
540
636
456
541
637
584
702
765
585
703
766
586
704
767
587
705
768
588
706
769
589
707
770
590
708
771
591
709
772
592
710
773
593
711
774
594
712
775
595
713
776
596
714
777
597
715
778
598
716
779
599
717
780
600
718
781
601
719
782
602
720
783
603
721
784
604
722
785
605
723
786
606
724
787
607
725
788
608
726
789
609
727
790
610
728
791
611
729
792
612
730
793
613
731
794
614
732
795
615
733
796
616
734
797
617
735
798
618
736
799
619
737
800
620
738
801
621
739
802
622
740
803
623
741
804
624
742
805
625
743
806
626
744
807
627
745
808
628
746
809
629
747
810
630
748
811
631
749
812
632
750
813
633
751
814
634
752
815
508
753
816
509
754
817
510
755
818
511
756
819
512
757
820
513
758
821
514
759
822
515
760
823
516
761
824
517
635
825
518
636
826
519
637
827
520
638
828
521
639
829
522
640
830
523
641
831
524
642
832
525
643
833
526
644
834
527
645
835
528
646
836
529
647
837
530
648
838
531
649
839
532
650
840
533
651
841
534
652
842
535
653
843
536
654
844
537
655
845
538
656
846
539
657
847
540
658
848
541
659
849
542
660
850
543
661
851
544
662
852
545
663
853
546
664
854
547
665
855
548
666
856
549
667
857
550
668
858
551
669
859
552
670
860
553
671
861
554
672
862
555
673
863
556
674
864
557
675
865
558
676
866
559
677
867
560
678
868
561
679
869
562
680
870
563
681
871
564
682
872
565
683
873
566
684
874
567
685
875
568
686
876
569
687
877
570
688
878
571
689
879
572
690
880
573
691
881
574
692
882
575
693
883
576
694
884
577
695
885
578
696
886
579
697
887
580
698
888
581
699
762
582
700
763
583
701
764
711
796
913
712
797
914
713
798
915
714
799
916
715
800
917
716
801
918
717
802
919
718
803
920
719
804
921
720
805
922
721
806
923
722
807
924
723
808
925
724
809
926
725
810
927
726
811
928
727
812
929
728
813
930
729
814
931
730
815
932
731
816
933
732
817
934
733
818
935
734
819
936
735
820
937
736
821
938
737
822
939
738
823
940
739
824
941
740
825
942
741
826
943
742
827
944
743
828
945
744
829
946
745
830
947
746
831
948
747
832
949
748
833
950
749
834
951
750
835
952
751
836
953
752
837
954
753
838
955
754
839
956
755
840
957
756
841
958
757
842
959
758
843
960
759
844
961
760
845
962
761
846
963
635
847
964
636
848
965
637
849
966
638
850
967
639
851
968
640
852
969
641
853
970
642
854
971
643
855
972
644
856
973
645
857
974
646
858
975
647
859
976
648
860
977
649
861
978
650
862
979
651
863
980
652
864
981
653
865
982
654
866
983
655
867
984
656
868
985
657
869
986
658
870
987
659
871
988
660
872
989
661
873
990
662
874
991
663
875
992
664
876
993
665
877
994
666
878
995
667
879
996
668
880
997
669
881
998
670
882
999
671
883
1000
672
884
1001
673
885
1002
674
886
1003
675
887
1004
676
888
1005
677
762
1006
678
763
1007
679
764
1008
680
765
1009
681
766
1010
682
767
1011
683
768
1012
684
769
1013
685
770
1014
686
771
1015
687
772
889
688
773
890
689
774
891
690
775
892
691
776
893
692
777
894
693
778
895
694
779
896
695
780
897
696
781
898
697
782
899
698
783
900
699
784
901
700
785
902
701
786
903
702
787
904
703
788
905
704
789
906
705
790
907
706
791
908
707
792
909
708
793
910
709
794
911
710
795
912
838
923
1040
839
924
1041
840
925
1042
841
926
1043
842
927
1044
843
928
1045
844
929
1046
845
930
1047
846
931
1048
847
932
1049
848
933
1050
849
934
1051
850
935
1052
851
936
1053
852
937
1054
853
938
1055
854
939
1056
855
940
1057
856
941
1058
857
942
1059
858
943
1060
859
944
1061
860
945
1062
861
946
1063
862
947
1064
863
948
1065
864
949
1066
865
950
1067
866
951
1068
867
952
1069
868
953
1070
869
954
1071
870
955
1072
871
956
1073
872
957
1074
873
958
1075
874
959
1076
875
960
1077
876
961
1078
877
962
1079
878
963
1080
879
964
1081
880
965
1082
881
966
1083
882
967
1084
883
968
1085
884
969
1086
885
970
1087
886
971
1088
887
972
1089
888
973
1090
762
974
1091
763
975
1092
764
976
1093
765
977
1094
766
978
1095
767
979
1096
768
980
1097
769
981
1098
770
982
1099
771
983
1100
772
984
1101
773
985
1102
774
986
1103
775
987
1104
776
988
1105
777
989
1106
778
990
1107
779
991
1108
780
992
1109
781
993
1110
782
994
1111
783
995
1112
784
996
1113
785
997
1114
786
998
1115
787
999
1116
788
1000
1117
789
1001
1118
790
1002
1119
791
1003
1120
792
1004
1121
793
1005
1122
794
1006
1123
795
1007
1124
796
1008
1125
797
1009
1126
798
1010
1127
799
1011
1128
800
1012
1129
801
1013
1130
802
1014
1131
803
1015
1132
804
889
1133
805
890
1134
806
891
1135
807
892
1136
808
893
1137
809
894
1138
810
895
1139
811
896
1140
812
897
1141
813
898
1142
814
899
1016
815
900
1017
816
901
1018
817
902
1019
818
903
1020
819
904
1021
820
905
1022
821
906
1023
822
907
1024
823
908
1025
824
909
1026
825
910
1027
826
911
1028
827
912
1029
828
913
1030
829
914
1031
830
915
1032
831
916
1033
832
917
1034
833
918
1035
834
919
1036
835
920
1037
836
921
1038
837
922
1039
965
1050
1167
966
1051
1168
967
1052
1169
968
1053
1170
969
1054
1171
970
1055
1172
971
1056
1173
972
1057
1174
973
1058
1175
974
1059
1176
975
1060
1177
976
1061
1178
977
1062
1179
978
1063
1180
979
1064
1181
980
1065
1182
981
1066
1183
982
1067
1184
983
1068
1185
984
1069
1186
985
1070
1187
986
1071
1188
987
1072
1189
988
1073
1190
989
1074
1191
990
1075
1192
991
1076
1193
992
1077
1194
993
1078
1195
994
1079
1196
995
1080
1197
996
1081
1198
997
1082
1199
998
1083
1200
999
1084
1201
1000
1085
1202
1001
1086
1203
1002
1087
1204
1003
1088
1205
1004
1089
1206
1005
1090
1207
1006
1091
1208
1007
1092
1209
1008
1093
1210
1009
1094
1211
1010
1095
1212
1011
1096
1213
1012
1097
1214
1013
1098
1215
1014
1099
1216
1015
1100
1217
889
1101
1218
890
1102
1219
891
1103
1220
892
1104
1221
893
1105
1222
894
1106
1223
895
1107
1224
896
1108
1225
897
1109
1226
898
1110
1227
899
1111
1228
900
1112
1229
901
1113
1230
902
1114
1231
903
1115
1232
904
1116
1233
905
1117
1234
906
1118
1235
907
1119
1236
908
1120
1237
909
1121
1238
910
1122
1239
911
1123
1240
912
1124
1241
913
1125
1242
914
1126
1243
915
1127
1244
916
1128
1245
917
1129
1246
918
1130
1247
919
1131
1248
920
1132
1249
921
1133
1250
922
1134
1251
923
1135
1252
924
1136
1253
925
1137
1254
926
1138
1255
927
1139
1256
928
1140
1257
929
1141
1258
930
1142
1259
931
1016
1260
932
1017
1261
933
1018
1262
934
1019
1263
935
1020
1264
936
1021
1265
937
1022
1266
938
1023
1267
939
1024
1268
940
1025
1269
941
1026
1143
942
1027
1144
943
1028
1145
944
1029
1146
945
1030
1147
946
1031
1148
947
1032
1149
948
1033
1150
949
1034
1151
950
1035
1152
951
1036
1153
952
1037
1154
953
1038
1155
954
1039
1156
955
1040
1157
956
1041
1158
957
1042
1159
958
1043
1160
959
1044
1161
960
1045
1162
961
1046
1163
962
1047
1164
963
1048
1165
964
1049
1166
3
1092
1177
4
1093
1178
5
1094
1179
6
1095
1180
7
1096
1181
8
1097
1182
9
1098
1183
10
1099
1184
11
1100
1185
12
1101
1186
13
1102
1187
14
1103
1188
15
1104
1189
16
1105
1190
17
1106
1191
18
1107
1192
19
1108
1193
20
1109
1194
21
1110
1195
22
1111
1196
23
1112
1197
24
1113
1198
25
1114
1199
26
1115
1200
27
1116
1201
28
1117
1202
29
1118
1203
30
1119
1204
31
1120
1205
32
1121
1206
33
1122
1207
34
1123
1208
35
1124
1209
36
1125
1210
37
1126
1211
38
1127
1212
39
1128
1213
40
1129
1214
41
1130
1215
42
1131
1216
43
1132
1217
44
1133
1218
45
1134
1219
46
1135
1220
47
1136
1221
48
1137
1222
49
1138
1223
50
1139
1224
51
1140
1225
52
1141
1226
53
1142
1227
54
1016
1228
55
1017
1229
56
1018
1230
57
1019
1231
58
1020
1232
59
1021
1233
60
1022
1234
61
1023
1235
62
1024
1236
63
1025
1237
64
1026
1238
65
1027
1239
66
1028
1240
67
1029
1241
68
1030
1242
69
1031
1243
70
1032
1244
71
1033
1245
72
1034
1246
73
1035
1247
74
1036
1248
75
1037
1249
76
1038
1250
77
1039
1251
78
1040
1252
79
1041
1253
80
1042
1254
81
1043
1255
82
1044
1256
83
1045
1257
84
1046
1258
85
1047
1259
86
1048
1260
87
1049
1261
88
1050
1262
89
1051
1263
90
1052
1264
91
1053
1265
92
1054
1266
93
1055
1267
94
1056
1268
95
1057
1269
96
1058
1143
97
1059
1144
98
1060
1145
99
1061
1146
100
1062
1147
101
1063
1148
102
1064
1149
103
1065
1150
104
1066
1151
105
1067
1152
106
1068
1153
107
1069
1154
108
1070
1155
109
1071
1156
110
1072
1157
111
1073
1158
112
1074
1159
113
1075
1160
114
1076
1161
115
1077
1162
116
1078
1163
117
1079
1164
118
1080
1165
119
1081
1166
120
1082
1167
121
1083
1168
122
1084
1169
123
1085
1170
124
1086
1171
125
1087
1172
126
1088
1173
0
1089
1174
1
1090
1175
2
1091
1176
67
130
1219
68
131
1220
69
132
1221
70
133
1222
71
134
1223
72
135
1224
73
136
1225
74
137
1226
75
138
1227
76
139
1228
77
140
1229
78
141
1230
79
142
1231
80
143
1232
81
144
1233
82
145
1234
83
146
1235
84
147
1236
85
148
1237
86
149
1238
87
150
1239
88
151
1240
89
152
1241
90
153
1242
91
154
1243
92
155
1244
93
156
1245
94
157
1246
95
158
1247
96
159
1248
97
160
1249
98
161
1250
99
162
1251
100
163
1252
101
164
1253
102
165
1254
103
166
1255
104
167
1256
105
168
1257
106
169
1258
107
170
1259
108
171
1260
109
172
1261
110
173
1262
111
174
1263
112
175
1264
113
176
1265
114
177
1266
115
178
1267
116
179
1268
117
180
1269
118
181
1143
119
182
1144
120
183
1145
121
184
1146
122
185
1147
123
186
1148
124
187
1149
125
188
1150
126
189
1151
0
190
1152
1
191
1153
2
192
1154
3
193
1155
4
194
1156
5
195
1157
6
196
1158
7
197
1159
8
198
1160
9
199
1161
10
200
1162
11
201
1163
12
202
1164
13
203
1165
14
204
1166
15
205
1167
16
206
1168
17
207
1169
18
208
1170
19
209
1171
20
210
1172
21
211
1173
22
212
1174
23
213
1175
24
214
1176
25
215
1177
26
216
1178
27
217
1179
28
218
1180
29
219
1181
30
220
1182
31
221
1183
32
222
1184
33
223
1185
34
224
1186
35
225
1187
36
226
1188
37
227
1189
38
228
1190
39
229
1191
40
230
1192
41
231
1193
42
232
1194
43
233
1195
44
234
1196
45
235
1197
46
236
1198
47
237
1199
48
238
1200
49
239
1201
50
240
1202
51
241
1203
52
242
1204
53
243
1205
54
244
1206
55
245
1207
56
246
1208
57
247
1209
58
248
1210
59
249
1211
60
250
1212
61
251
1213
62
252
1214
63
253
1215
64
127
1216
65
128
1217
66
129
1218
25
194
257
26
195
258
27
196
259
28
197
260
29
198
261
30
199
262
31
200
263
32
201
264
33
202
265
34
203
266
35
204
267
36
205
268
37
206
269
38
207
270
39
208
271
40
209
272
41
210
273
42
211
274
43
212
275
44
213
276
45
214
277
46
215
278
47
216
279
48
217
280
49
218
281
50
219
282
51
220
283
52
221
284
53
222
285
54
223
286
55
224
287
56
225
288
57
226
289
58
227
290
59
228
291
60
229
292
61
230
293
62
231
294
63
232
295
64
233
296
65
234
297
66
235
298
67
236
299
68
237
300
69
238
301
70
239
302
71
240
303
72
241
304
73
242
305
74
243
306
75
244
307
76
245
308
77
246
309
78
247
310
79
248
311
80
249
312
81
250
313
82
251
314
83
252
315
84
253
316
85
127
317
86
128
318
87
129
319
88
130
320
89
131
321
90
132
322
91
133
323
92
134
324
93
135
325
94
136
326
95
137
327
96
138
328
97
139
329
98
140
330
99
141
331
100
142
332
101
143
333
102
144
334
103
145
335
104
146
336
105
147
337
106
148
338
107
149
339
108
150
340
109
151
341
110
152
342
111
153
343
112
154
344
113
155
345
114
156
346
115
157
347
116
158
348
117
159
349
118
160
350
119
161
351
120
162
352
121
163
353
122
164
354
123
165
355
124
166
356
125
167
357
126
168
358
0
169
359
1
170
360
2
171
361
3
172
362
4
173
363
5
174
364
6
175
365
7
176
366
8
177
367
9
178
368
10
179
369
11
180
370
12
181
371
13
182
372
14
183
373
15
184
374
16
185
375
17
186
376
18
187
377
19
188
378
20
189
379
21
190
380
22
191
254
23
192
255
24
193
256
152
321
384
153
322
385
154
323
386
155
324
387
156
325
388
157
326
389
158
327
390
159
328
391
160
329
392
161
330
393
162
331
394
163
332
395
164
333
396
165
334
397
166
335
398
167
336
399
168
337
400
169
338
401
170
339
402
171
340
403
172
341
404
173
342
405
174
343
406
175
344
407
176
345
408
177
346
409
178
347
410
179
348
411
180
349
412
181
350
413
182
351
414
183
352
415
184
353
416
185
354
417
186
355
418
187
356
419
188
357
420
189
358
421
190
359
422
191
360
423
192
361
424
193
362
425
194
363
426
195
364
427
196
365
428
197
366
429
198
367
430
199
368
431
200
369
432
201
370
433
202
371
434
203
372
435
204
373
436
205
374
437
206
375
438
207
376
439
208
377
440
209
378
441
210
379
442
211
380
443
212
254
444
213
255
445
214
256
446
215
257
447
216
258
448
217
259
449
218
260
450
219
261
451
220
262
452
221
263
453
222
264
454
223
265
455
224
266
456
225
267
457
226
268
458
227
269
459
228
270
460
229
271
461
230
272
462
231
273
463
232
274
464
233
275
465
234
276
466
235
277
467
236
278
468
237
279
469
238
280
470
239
281
471
240
282
472
241
283
473
242
284
474
243
285
475
244
286
476
245
287
477
246
288
478
247
289
479
248
290
480
249
291
481
250
292
482
251
293
483
252
294
484
253
295
485
127
296
486
128
297
487
129
298
488
130
299
489
131
300
490
132
301
491
133
302
492
134
303
493
135
304
494
136
305
495
137
306
496
138
307
497
139
308
498
140
309
499
141
310
500
142
311
501
143
312
502
144
313
503
145
314
504
146
315
505
147
316
506
148
317
507
149
318
381
150
319
382
151
320
383
279
448
511
280
449
512
281
450
513
282
451
514
283
452
515
284
453
516
285
454
517
286
455
518
287
456
519
288
457
520
289
458
521
290
459
522
291
460
523
292
461
524
293
462
525
294
463
526
295
464
527
296
465
528
297
466
529
298
467
530
299
468
531
300
469
532
301
470
533
302
471
534
303
472
535
304
473
536
305
474
537
306
475
538
307
476
539
308
477
540
309
478
541
310
479
542
311
480
543
312
481
544
313
482
545
314
483
546
315
484
547
316
485
548
317
486
549
318
487
550
319
488
551
320
489
552
321
490
553
322
491
554
323
492
555
324
493
556
325
494
557
326
495
558
327
496
559
328
497
560
329
498
561
330
499
562
331
500
563
332
501
564
333
502
565
334
503
566
335
504
567
336
505
568
337
506
569
338
507
570
339
381
571
340
382
572
341
383
573
342
384
574
343
385
575
344
386
576
345
387
577
346
388
578
347
389
579
348
390
580
349
391
581
350
392
582
351
393
583
352
394
584
353
395
585
354
396
586
355
397
587
356
398
588
357
399
589
358
400
590
359
401
591
360
402
592
361
403
593
362
404
594
363
405
595
364
406
596
365
407
597
366
408
598
367
409
599
368
410
600
369
411
601
370
412
602
371
413
603
372
414
604
373
415
605
374
416
606
375
417
607
376
418
608
377
419
609
378
420
610
379
421
611
380
422
612
254
423
613
255
424
614
256
425
615
257
426
616
258
427
617
259
428
618
260
429
619
261
430
620
262
431
621
263
432
622
264
433
623
265
434
624
266
435
625
267
436
626
268
437
627
269
438
628
270
439
629
271
440
630
272
441
631
273
442
632
274
443
633
275
444
634
276
445
508
277
446
509
278
447
510
406
575
649
407
576
650
408
577
651
409
578
652
410
579
653
411
580
654
412
581
655
413
582
656
414
583
657
415
584
658
416
585
659
417
586
660
418
587
661
419
588
662
420
589
663
421
590
664
422
591
665
423
592
666
424
593
667
425
594
668
426
595
669
427
596
670
428
597
671
429
598
672
430
599
673
431
600
674
432
601
675
433
602
676
434
603
677
435
604
678
436
605
679
437
606
680
438
607
681
439
608
682
440
609
683
441
610
684
442
611
685
443
612
686
444
613
687
445
614
688
446
615
689
447
616
690
448
617
691
449
618
692
450
619
693
451
620
694
452
621
695
453
622
696
454
623
697
455
624
698
456
625
699
457
626
700
458
627
701
459
628
702
460
629
703
461
630
704
462
631
705
463
632
706
464
633
707
465
634
708
466
508
709
467
509
710
468
510
711
469
511
712
470
512
713
471
513
714
472
514
715
473
515
716
474
516
717
475
517
718
476
518
719
477
519
720
478
520
721
479
521
722
480
522
723
481
523
724
482
524
725
483
525
726
484
526
727
485
527
728
486
528
729
487
529
730
488
530
731
489
531
732
490
532
733
491
533
734
492
534
735
493
535
736
494
536
737
495
537
738
496
538
739
497
539
740
498
540
741
499
541
742
500
542
743
501
543
744
502
544
745
503
545
746
504
546
747
505
547
748
506
548
749
507
549
750
381
550
751
382
551
752
383
552
753
384
553
754
385
554
755
386
555
756
387
556
757
388
557
758
389
558
759
390
559
760
391
560
761
392
561
635
393
562
636
394
563
637
395
564
638
396
565
639
397
566
640
398
567
641
399
568
642
400
569
643
401
570
644
402
571
645
403
572
646
404
573
647
405
574
648
533
756
776
534
757
777
535
758
778
536
759
779
537
760
780
538
761
781
539
635
782
540
636
783
541
637
784
542
638
785
543
639
786
544
640
787
545
641
788
546
642
789
547
643
790
548
644
791
549
645
792
550
646
793
551
647
794
552
648
795
553
649
796
554
650
797
555
651
798
556
652
799
557
653
800
558
654
801
559
655
802
560
656
803
561
657
804
562
658
805
563
659
806
564
660
807
565
661
808
566
662
809
567
663
810
568
664
811
569
665
812
570
666
813
571
667
814
572
668
815
573
669
816
574
670
817
575
671
818
576
672
819
577
673
820
578
674
821
579
675
822
580
676
823
581
677
824
582
678
825
583
679
826
584
680
827
585
681
828
586
682
829
587
683
830
588
684
831
589
685
832
590
686
833
591
687
834
592
688
835
593
689
836
594
690
837
595
691
838
596
692
839
597
693
840
598
694
841
599
695
842
600
696
843
601
697
844
602
698
845
603
699
846
604
700
847
605
701
848
606
702
849
607
703
850
608
704
851
609
705
852
610
706
853
611
707
854
612
708
855
613
709
856
614
710
857
615
711
858
616
712
859
617
713
860
618
714
861
619
715
862
620
716
863
621
717
864
622
718
865
623
719
866
624
720
867
625
721
868
626
722
869
627
723
870
628
724
871
629
725
872
630
726
873
631
727
874
632
728
875
633
729
876
634
730
877
508
731
878
509
732
879
510
733
880
511
734
881
512
735
882
513
736
883
514
737
884
515
738
885
516
739
886
517
740
887
518
741
888
519
742
762
520
743
763
521
744
764
522
745
765
523
746
766
524
747
767
525
748
768
526
749
769
527
750
770
528
751
771
529
752
772
530
753
773
531
754
774
532
755
775
660
829
892
661
830
893
662
831
894
663
832
895
664
833
896
665
834
897
666
835
898
667
836
899
668
837
900
669
838
901
670
839
902
671
840
903
672
841
904
673
842
905
674
843
906
675
844
907
676
845
908
677
846
909
678
847
910
679
848
911
680
849
912
681
850
913
682
851
914
683
852
915
684
853
916
685
854
917
686
855
918
687
856
919
688
857
920
689
858
921
690
859
922
691
860
923
692
861
924
693
862
925
694
863
926
695
864
927
696
865
928
697
866
929
698
867
930
699
868
931
700
869
932
701
870
933
702
871
934
703
872
935
704
873
936
705
874
937
706
875
938
707
876
939
708
877
940
709
878
941
710
879
942
711
880
943
712
881
944
713
882
945
714
883
946
715
884
947
716
885
948
717
886
949
718
887
950
719
888
951
720
762
952
721
763
953
722
764
954
723
765
955
724
766
956
725
767
957
726
768
958
727
769
959
728
770
960
729
771
961
730
772
962
731
773
963
732
774
964
733
775
965
734
776
966
735
777
967
736
778
968
737
779
969
738
780
970
739
781
971
740
782
972
741
783
973
742
784
974
743
785
975
744
786
976
745
787
977
746
788
978
747
789
979
748
790
980
749
791
981
750
792
982
751
793
983
752
794
984
753
795
985
754
796
986
755
797
987
756
798
988
757
799
989
758
800
990
759
801
991
760
802
992
761
803
993
635
804
994
636
805
995
637
806
996
638
807
997
639
808
998
640
809
999
641
810
1000
642
811
1001
643
812
1002
644
813
1003
645
814
1004
646
815
1005
647
816
1006
648
817
1007
649
818
1008
650
819
1009
651
820
1010
652
821
1011
653
822
1012
654
823
1013
655
824
1014
656
825
1015
657
826
889
658
827
890
659
828
891
787
956
1019
788
957
1020
789
958
1021
790
959
1022
791
960
1023
792
961
1024
793
962
1025
794
963
1026
795
964
1027
796
965
1028
797
966
1029
798
967
1030
799
968
1031
800
969
1032
801
970
1033
802
971
1034
803
972
1035
804
973
1036
805
974
1037
806
975
1038
807
976
1039
808
977
1040
809
978
1041
810
979
1042
811
980
1043
812
981
1044
813
982
1045
814
983
1046
815
984
1047
816
985
1048
817
986
1049
818
987
1050
819
988
1051
820
989
1052
821
990
1053
822
991
1054
823
992
1055
824
993
1056
825
994
1057
826
995
1058
827
996
1059
828
997
1060
829
998
1061
830
999
1062
831
1000
1063
832
1001
1064
833
1002
1065
834
1003
1066
835
1004
1067
836
1005
1068
837
1006
1069
838
1007
1070
839
1008
1071
840
1009
1072
841
1010
1073
842
1011
1074
843
1012
1075
844
1013
1076
845
1014
1077
846
1015
1078
847
889
1079
848
890
1080
849
891
1081
850
892
1082
851
893
1083
852
894
1084
853
895
1085
854
896
1086
855
897
1087
856
898
1088
857
899
1089
858
900
1090
859
901
1091
860
902
1092
861
903
1093
862
904
1094
863
905
1095
864
906
1096
865
907
1097
866
908
1098
867
909
1099
868
910
1100
869
911
1101
870
912
1102
871
913
1103
872
914
1104
873
915
1105
874
916
1106
875
917
1107
876
918
1108
877
919
1109
878
920
1110
879
921
1111
880
922
1112
881
923
1113
882
924
1114
883
925
1115
884
926
1116
885
927
1117
886
928
1118
887
929
1119
888
930
1120
762
931
1121
763
932
1122
764
933
1123
765
934
1124
766
935
1125
767
936
1126
768
937
1127
769
938
1128
770
939
1129
771
940
1130
772
941
1131
773
942
1132
774
943
1133
775
944
1134
776
945
1135
777
946
1136
778
947
1137
779
948
1138
780
949
1139
781
950
1140
782
951
1141
783
952
1142
784
953
1016
785
954
1017
786
955
1018
914
1083
1146
915
1084
1147
916
1085
1148
917
1086
1149
918
1087
1150
919
1088
1151
920
1089
1152
921
1090
1153
922
1091
1154
923
1092
1155
924
1093
1156
925
1094
1157
926
1095
1158
927
1096
1159
928
1097
1160
929
1098
1161
930
1099
1162
931
1100
1163
932
1101
1164
933
1102
1165
934
1103
1166
935
1104
1167
936
1105
1168
937
1106
1169
938
1107
1170
939
1108
1171
940
1109
1172
941
1110
1173
942
1111
1174
943
1112
1175
944
1113
1176
945
1114
1177
946
1115
1178
947
1116
1179
948
1117
1180
949
1118
1181
950
1119
1182
951
1120
1183
952
1121
1184
953
1122
1185
954
1123
1186
955
1124
1187
956
1125
1188
957
1126
1189
958
1127
1190
959
1128
1191
960
1129
1192
961
1130
1193
962
1131
1194
963
1132
1195
964
1133
1196
965
1134
1197
966
1135
1198
967
1136
1199
968
1137
1200
969
1138
1201
970
1139
1202
971
1140
1203
972
1141
1204
973
1142
1205
974
1016
1206
975
1017
1207
976
1018
1208
977
1019
1209
978
1020
1210
979
1021
1211
980
1022
1212
981
1023
1213
982
1024
1214
983
1025
1215
984
1026
1216
985
1027
1217
986
1028
1218
987
1029
1219
988
1030
1220
989
1031
1221
990
1032
1222
991
1033
1223
992
1034
1224
993
1035
1225
994
1036
1226
995
1037
1227
996
1038
1228
997
1039
1229
998
1040
1230
999
1041
1231
1000
1042
1232
1001
1043
1233
1002
1044
1234
1003
1045
1235
1004
1046
1236
1005
1047
1237
1006
1048
1238
1007
1049
1239
1008
1050
1240
1009
1051
1241
1010
1052
1242
1011
1053
1243
1012
1054
1244
1013
1055
1245
1014
1056
1246
1015
1057
1247
889
1058
1248
890
1059
1249
891
1060
1250
892
1061
1251
893
1062
1252
894
1063
1253
895
1064
1254
896
1065
1255
897
1066
1256
898
1067
1257
899
1068
1258
900
1069
1259
901
1070
1260
902
1071
1261
903
1072
1262
904
1073
1263
905
1074
1264
906
1075
1265
907
1076
1266
908
1077
1267
909
1078
1268
910
1079
1269
911
1080
1143
912
1081
1144
913
1082
1145
14
1041
1210
15
1042
1211
16
1043
1212
17
1044
1213
18
1045
1214
19
1046
1215
20
1047
1216
21
1048
1217
22
1049
1218
23
1050
1219
24
1051
1220
25
1052
1221
26
1053
1222
27
1054
1223
28
1055
1224
29
1056
1225
30
1057
1226
31
1058
1227
32
1059
1228
33
1060
1229
34
1061
1230
35
1062
1231
36
1063
1232
37
1064
1233
38
1065
1234
39
1066
1235
40
1067
1236
41
1068
1237
42
1069
1238
43
1070
1239
44
1071
1240
45
1072
1241
46
1073
1242
47
1074
1243
48
1075
1244
49
1076
1245
50
1077
1246
51
1078
1247
52
1079
1248
53
1080
1249
54
1081
1250
55
1082
1251
56
1083
1252
57
1084
1253
58
1085
1254
59
1086
1255
60
1087
1256
61
1088
1257
62
1089
1258
63
1090
1259
64
1091
1260
65
1092
1261
66
1093
1262
67
1094
1263
68
1095
1264
69
1096
1265
70
1097
1266
71
1098
1267
72
1099
1268
73
1100
1269
74
1101
1143
75
1102
1144
76
1103
1145
77
1104
1146
78
1105
1147
79
1106
1148
80
1107
1149
81
1108
1150
82
1109
1151
83
1110
1152
84
1111
1153
85
1112
1154
86
1113
1155
87
1114
1156
88
1115
1157
89
1116
1158
90
1117
1159
91
1118
1160
92
1119
1161
93
1120
1162
94
1121
1163
95
1122
1164
96
1123
1165
97
1124
1166
98
1125
1167
99
1126
1168
100
1127
1169
101
1128
1170
102
1129
1171
103
1130
1172
104
1131
1173
105
1132
1174
106
1133
1175
107
1134
1176
108
1135
1177
109
1136
1178
110
1137
1179
111
1138
1180
112
1139
1181
113
1140
1182
114
1141
1183
115
1142
1184
116
1016
1185
117
1017
1186
118
1018
1187
119
1019
1188
120
1020
1189
121
1021
1190
122
1022
1191
123
1023
1192
124
1024
1193
125
1025
1194
126
1026
1195
0
1027
1196
1
1028
1197
2
1029
1198
3
1030
1199
4
1031
1200
5
1032
1201
6
1033
1202
7
1034
1203
8
1035
1204
9
1036
1205
10
1037
1206
11
1038
1207
12
1039
1208
13
1040
1209
121
141
1168
122
142
1169
123
143
1170
124
144
1171
125
145
1172
126
146
1173
0
147
1174
1
148
1175
2
149
1176
3
150
1177
4
151
1178
5
152
1179
6
153
1180
7
154
1181
8
155
1182
9
156
1183
10
157
1184
11
158
1185
12
159
1186
13
160
1187
14
161
1188
15
162
1189
16
163
1190
17
164
1191
18
165
1192
19
166
1193
20
167
1194
21
168
1195
22
169
1196
23
170
1197
24
171
1198
25
172
1199
26
173
1200
27
174
1201
28
175
1202
29
176
1203
30
177
1204
31
178
1205
32
179
1206
33
180
1207
34
181
1208
35
182
1209
36
183
1210
37
184
1211
38
185
1212
39
186
1213
40
187
1214
41
188
1215
42
189
1216
43
190
1217
44
191
1218
45
192
1219
46
193
1220
47
194
1221
48
195
1222
49
196
1223
50
197
1224
51
198
1225
52
199
1226
53
200
1227
54
201
1228
55
202
1229
56
203
1230
57
204
1231
58
205
1232
59
206
1233
60
207
1234
61
208
1235
62
209
1236
63
210
1237
64
211
1238
65
212
1239
66
213
1240
67
214
1241
68
215
1242
69
216
1243
70
217
1244
71
218
1245
72
219
1246
73
220
1247
74
221
1248
75
222
1249
76
223
1250
77
224
1251
78
225
1252
79
226
1253
80
227
1254
81
228
1255
82
229
1256
83
230
1257
84
231
1258
85
232
1259
86
233
1260
87
234
1261
88
235
1262
89
236
1263
90
237
1264
91
238
1265
92
239
1266
93
240
1267
94
241
1268
95
242
1269
96
243
1143
97
244
1144
98
245
1145
99
246
1146
100
247
1147
101
248
1148
102
249
1149
103
250
1150
104
251
1151
105
252
1152
106
253
1153
107
127
1154
108
128
1155
109
129
1156
110
130
1157
111
131
1158
112
132
1159
113
133
1160
114
134
1161
115
135
1162
116
136
1163
117
137
1164
118
138
1165
119
139
1166
120
140
1167
