1
26
18
26
22
0
23
24
8
9
3
9
3
21
28
23
16
4
11
0
14
25
13
12
7
21
24
4
2
13
27
7
20
10
26
8
23
23
21
29
31
14
26
15
20
20
3
27
25
1
31
13
2
1
16
13
30
16
24
7
31
2
10
2
28
16
4
3
25
9
25
23
6
26
14
22
13
16
6
15
14
6
7
6
19
26
18
10
2
24
18
2
22
26
25
26
19
15
7
2
27
17
13
27
24
15
14
26
21
11
31
27
3
2
20
5
27
11
14
30
24
21
30
7
12
7
28
2
23
28
22
4
25
29
16
29
12
4
0
22
3
23
6
28
1
18
14
4
29
16
20
1
2
20
24
17
4
6
6
18
24
16
10
11
16
7
3
17
14
11
12
10
20
16
5
29
21
16
18
9
11
9
23
19
5
11
15
8
2
29
16
30
11
6
31
31
2
15
1
17
20
1
29
9
12
13
18
7
22
2
20
3
20
27
4
9
30
28
20
11
5
14
4
20
24
19
26
23
19
3
17
7
22
18
9
7
8
25
19
18
19
11
12
8
15
17
16
23
23
18
30
23
2
9
30
5
27
25
6
25
11
3
8
18
12
3
29
29
2
26
2
2
3
29
0
6
25
13
0
7
30
30
18
29
10
22
7
10
15
2
11
29
29
9
4
13
8
23
19
2
19
12
20
18
21
12
5
5
27
29
12
22
7
0
22
8
29
31
12
21
8
1
15
15
20
16
14
22
18
29
12
19
20
7
18
4
27
0
27
26
28
19
15
6
24
5
14
22
14
3
5
2
28
23
22
15
27
7
19
28
5
19
29
29
24
5
17
26
22
8
11
14
10
1
1
8
9
0
10
13
29
25
11
6
25
27
20
31
11
21
10
20
28
12
30
12
4
20
18
24
23
2
12
18
9
13
27
11
16
9
26
28
23
17
1
15
5
7
14
13
0
30
15
18
3
26
28
4
13
20
12
7
30
3
9
14
13
19
12
24
4
17
20
5
0
22
11
8
20
22
1
6
5
5
13
11
22
25
25
7
13
3
31
11
13
7
15
5
2
27
17
25
27
13
14
23
6
30
18
19
10
8
3
18
1
2
20
31
1
18
17
29
4
20
28
6
6
12
7
18
5
19
17
0
18
13
21
14
21
21
17
15
25
29
23
0
16
15
19
15
28
9
3
24
0
18
29
9
9
17
14
25
14
27
5
13
5
25
15
26
23
25
17
19
4
30
17
15
1
1
0
20
23
22
24
8
25
11
1
3
9
14
21
27
15
16
16
23
25
21
15
9
8
1
1
15
27
19
31
9
24
20
11
31
6
22
13
23
4
13
24
27
25
15
4
1
26
7
4
26
28
30
13
30
14
24
20
0
7
21
28
5
31
22
27
30
4
5
29
3
