6
9
10
13
0
3
4
7
1
3
0
3
5
7
4
6
4
10
3
9
1
6
0
6
4
10
7
13
0
6
3
9
5
1
4
0
7
3
6
2
3
7
0
5
8
12
5
9
3
5
8
10
0
2
4
7
2
0
9
7
6
4
14
12
8
0
11
3
8
0
11
3
4
7
8
11
0
3
4
7
4
0
4
0
5
1
6
2
1
5
0
3
3
6
2
5
5
11
0
6
9
14
4
10
6
1
10
4
5
0
9
4
0
1
3
4
4
5
7
8
9
7
4
2
7
5
1
0
12
8
15
11
4
0
7
4
11
3
7
0
14
6
10
3
2
1
1
0
3
1
2
0
5
1
7
2
5
0
6
2
10
5
13
8
5
0
8
3
8
3
7
2
6
1
5
0
14
4
15
5
10
0
11
1
4
9
4
9
0
5
0
5
16
21
9
14
7
12
0
5
14
11
3
0
22
19
11
8
5
4
7
7
1
0
3
3
7
0
10
3
8
1
11
3
2
0
4
2
6
5
9
7
1
1
0
0
6
6
5
5
0
0
0
0
5
5
5
5
0
4
2
6
6
10
8
12
0
1
0
2
0
1
0
2
0
4
8
12
1
5
8
12
0
1
4
5
5
6
9
10
0
0
2
2
3
3
6
6
0
9
1
10
1
10
2
11
0
3
2
5
4
7
6
9
0
3
8
11
5
8
13
16
0
6
0
6
3
9
3
9
0
0
5
5
8
8
13
13
1
3
6
9
0
2
6
8
