142
435
567
143
436
568
144
437
569
145
438
570
146
439
571
147
440
572
148
441
573
149
442
574
150
443
575
151
444
576
152
445
577
153
446
578
154
447
579
155
448
580
156
449
581
157
450
582
158
451
583
159
452
584
160
453
585
161
454
586
162
455
587
163
456
588
164
457
589
165
458
590
166
459
591
167
460
592
168
461
593
169
462
594
170
463
595
171
464
596
172
465
597
173
466
598
174
467
599
175
468
600
176
469
601
177
470
602
178
471
603
179
472
604
180
473
605
181
474
606
182
475
607
183
476
608
184
477
609
185
478
610
186
479
611
187
480
612
188
481
613
189
482
614
190
483
615
191
484
616
192
485
617
193
486
618
194
487
619
195
488
620
196
489
621
197
490
622
198
491
623
199
492
624
200
493
625
201
494
626
202
495
627
203
496
628
204
497
629
205
498
630
206
499
631
207
500
632
208
501
633
209
502
634
210
503
635
211
504
636
212
505
637
213
506
638
214
507
639
215
508
640
216
509
641
217
255
642
218
256
643
219
257
644
220
258
645
221
259
646
222
260
647
223
261
648
224
262
649
225
263
650
226
264
651
227
265
652
228
266
653
229
267
654
230
268
655
231
269
656
232
270
657
233
271
658
234
272
659
235
273
660
236
274
661
237
275
662
238
276
663
239
277
664
240
278
665
241
279
666
242
280
667
243
281
668
244
282
669
245
283
670
246
284
671
247
285
672
248
286
673
249
287
674
250
288
675
251
289
676
252
290
677
253
291
678
254
292
679
0
293
680
1
294
681
2
295
682
3
296
683
4
297
684
5
298
685
6
299
686
7
300
687
8
301
688
9
302
689
10
303
690
11
304
691
12
305
692
13
306
693
14
307
694
15
308
695
16
309
696
17
310
697
18
311
698
19
312
699
20
313
700
21
314
701
22
315
702
23
316
703
24
317
704
25
318
705
26
319
706
27
320
707
28
321
708
29
322
709
30
323
710
31
324
711
32
325
712
33
326
713
34
327
714
35
328
715
36
329
716
37
330
717
38
331
718
39
332
719
40
333
720
41
334
721
42
335
722
43
336
723
44
337
724
45
338
725
46
339
726
47
340
727
48
341
728
49
342
729
50
343
730
51
344
731
52
345
732
53
346
733
54
347
734
55
348
735
56
349
736
57
350
737
58
351
738
59
352
739
60
353
740
61
354
741
62
355
742
63
356
743
64
357
744
65
358
745
66
359
746
67
360
747
68
361
748
69
362
749
70
363
750
71
364
751
72
365
752
73
366
753
74
367
754
75
368
755
76
369
756
77
370
757
78
371
758
79
372
759
80
373
760
81
374
761
82
375
762
83
376
763
84
377
764
85
378
510
86
379
511
87
380
512
88
381
513
89
382
514
90
383
515
91
384
516
92
385
517
93
386
518
94
387
519
95
388
520
96
389
521
97
390
522
98
391
523
99
392
524
100
393
525
101
394
526
102
395
527
103
396
528
104
397
529
105
398
530
106
399
531
107
400
532
108
401
533
109
402
534
110
403
535
111
404
536
112
405
537
113
406
538
114
407
539
115
408
540
116
409
541
117
410
542
118
411
543
119
412
544
120
413
545
121
414
546
122
415
547
123
416
548
124
417
549
125
418
550
126
419
551
127
420
552
128
421
553
129
422
554
130
423
555
131
424
556
132
425
557
133
426
558
134
427
559
135
428
560
136
429
561
137
430
562
138
431
563
139
432
564
140
433
565
141
434
566
397
690
822
398
691
823
399
692
824
400
693
825
401
694
826
402
695
827
403
696
828
404
697
829
405
698
830
406
699
831
407
700
832
408
701
833
409
702
834
410
703
835
411
704
836
412
705
837
413
706
838
414
707
839
415
708
840
416
709
841
417
710
842
418
711
843
419
712
844
420
713
845
421
714
846
422
715
847
423
716
848
424
717
849
425
718
850
426
719
851
427
720
852
428
721
853
429
722
854
430
723
855
431
724
856
432
725
857
433
726
858
434
727
859
435
728
860
436
729
861
437
730
862
438
731
863
439
732
864
440
733
865
441
734
866
442
735
867
443
736
868
444
737
869
445
738
870
446
739
871
447
740
872
448
741
873
449
742
874
450
743
875
451
744
876
452
745
877
453
746
878
454
747
879
455
748
880
456
749
881
457
750
882
458
751
883
459
752
884
460
753
885
461
754
886
462
755
887
463
756
888
464
757
889
465
758
890
466
759
891
467
760
892
468
761
893
469
762
894
470
763
895
471
764
896
472
510
897
473
511
898
474
512
899
475
513
900
476
514
901
477
515
902
478
516
903
479
517
904
480
518
905
481
519
906
482
520
907
483
521
908
484
522
909
485
523
910
486
524
911
487
525
912
488
526
913
489
527
914
490
528
915
491
529
916
492
530
917
493
531
918
494
532
919
495
533
920
496
534
921
497
535
922
498
536
923
499
537
924
500
538
925
501
539
926
502
540
927
503
541
928
504
542
929
505
543
930
506
544
931
507
545
932
508
546
933
509
547
934
255
548
935
256
549
936
257
550
937
258
551
938
259
552
939
260
553
940
261
554
941
262
555
942
263
556
943
264
557
944
265
558
945
266
559
946
267
560
947
268
561
948
269
562
949
270
563
950
271
564
951
272
565
952
273
566
953
274
567
954
275
568
955
276
569
956
277
570
957
278
571
958
279
572
959
280
573
960
281
574
961
282
575
962
283
576
963
284
577
964
285
578
965
286
579
966
287
580
967
288
581
968
289
582
969
290
583
970
291
584
971
292
585
972
293
586
973
294
587
974
295
588
975
296
589
976
297
590
977
298
591
978
299
592
979
300
593
980
301
594
981
302
595
982
303
596
983
304
597
984
305
598
985
306
599
986
307
600
987
308
601
988
309
602
989
310
603
990
311
604
991
312
605
992
313
606
993
314
607
994
315
608
995
316
609
996
317
610
997
318
611
998
319
612
999
320
613
1000
321
614
1001
322
615
1002
323
616
1003
324
617
1004
325
618
1005
326
619
1006
327
620
1007
328
621
1008
329
622
1009
330
623
1010
331
624
1011
332
625
1012
333
626
1013
334
627
1014
335
628
1015
336
629
1016
337
630
1017
338
631
1018
339
632
1019
340
633
765
341
634
766
342
635
767
343
636
768
344
637
769
345
638
770
346
639
771
347
640
772
348
641
773
349
642
774
350
643
775
351
644
776
352
645
777
353
646
778
354
647
779
355
648
780
356
649
781
357
650
782
358
651
783
359
652
784
360
653
785
361
654
786
362
655
787
363
656
788
364
657
789
365
658
790
366
659
791
367
660
792
368
661
793
369
662
794
370
663
795
371
664
796
372
665
797
373
666
798
374
667
799
375
668
800
376
669
801
377
670
802
378
671
803
379
672
804
380
673
805
381
674
806
382
675
807
383
676
808
384
677
809
385
678
810
386
679
811
387
680
812
388
681
813
389
682
814
390
683
815
391
684
816
392
685
817
393
686
818
394
687
819
395
688
820
396
689
821
652
945
1077
653
946
1078
654
947
1079
655
948
1080
656
949
1081
657
950
1082
658
951
1083
659
952
1084
660
953
1085
661
954
1086
662
955
1087
663
956
1088
664
957
1089
665
958
1090
666
959
1091
667
960
1092
668
961
1093
669
962
1094
670
963
1095
671
964
1096
672
965
1097
673
966
1098
674
967
1099
675
968
1100
676
969
1101
677
970
1102
678
971
1103
679
972
1104
680
973
1105
681
974
1106
682
975
1107
683
976
1108
684
977
1109
685
978
1110
686
979
1111
687
980
1112
688
981
1113
689
982
1114
690
983
1115
691
984
1116
692
985
1117
693
986
1118
694
987
1119
695
988
1120
696
989
1121
697
990
1122
698
991
1123
699
992
1124
700
993
1125
701
994
1126
702
995
1127
703
996
1128
704
997
1129
705
998
1130
706
999
1131
707
1000
1132
708
1001
1133
709
1002
1134
710
1003
1135
711
1004
1136
712
1005
1137
713
1006
1138
714
1007
1139
715
1008
1140
716
1009
1141
717
1010
1142
718
1011
1143
719
1012
1144
720
1013
1145
721
1014
1146
722
1015
1147
723
1016
1148
724
1017
1149
725
1018
1150
726
1019
1151
727
765
1152
728
766
1153
729
767
1154
730
768
1155
731
769
1156
732
770
1157
733
771
1158
734
772
1159
735
773
1160
736
774
1161
737
775
1162
738
776
1163
739
777
1164
740
778
1165
741
779
1166
742
780
1167
743
781
1168
744
782
1169
745
783
1170
746
784
1171
747
785
1172
748
786
1173
749
787
1174
750
788
1175
751
789
1176
752
790
1177
753
791
1178
754
792
1179
755
793
1180
756
794
1181
757
795
1182
758
796
1183
759
797
1184
760
798
1185
761
799
1186
762
800
1187
763
801
1188
764
802
1189
510
803
1190
511
804
1191
512
805
1192
513
806
1193
514
807
1194
515
808
1195
516
809
1196
517
810
1197
518
811
1198
519
812
1199
520
813
1200
521
814
1201
522
815
1202
523
816
1203
524
817
1204
525
818
1205
526
819
1206
527
820
1207
528
821
1208
529
822
1209
530
823
1210
531
824
1211
532
825
1212
533
826
1213
534
827
1214
535
828
1215
536
829
1216
537
830
1217
538
831
1218
539
832
1219
540
833
1220
541
834
1221
542
835
1222
543
836
1223
544
837
1224
545
838
1225
546
839
1226
547
840
1227
548
841
1228
549
842
1229
550
843
1230
551
844
1231
552
845
1232
553
846
1233
554
847
1234
555
848
1235
556
849
1236
557
850
1237
558
851
1238
559
852
1239
560
853
1240
561
854
1241
562
855
1242
563
856
1243
564
857
1244
565
858
1245
566
859
1246
567
860
1247
568
861
1248
569
862
1249
570
863
1250
571
864
1251
572
865
1252
573
866
1253
574
867
1254
575
868
1255
576
869
1256
577
870
1257
578
871
1258
579
872
1259
580
873
1260
581
874
1261
582
875
1262
583
876
1263
584
877
1264
585
878
1265
586
879
1266
587
880
1267
588
881
1268
589
882
1269
590
883
1270
591
884
1271
592
885
1272
593
886
1273
594
887
1274
595
888
1020
596
889
1021
597
890
1022
598
891
1023
599
892
1024
600
893
1025
601
894
1026
602
895
1027
603
896
1028
604
897
1029
605
898
1030
606
899
1031
607
900
1032
608
901
1033
609
902
1034
610
903
1035
611
904
1036
612
905
1037
613
906
1038
614
907
1039
615
908
1040
616
909
1041
617
910
1042
618
911
1043
619
912
1044
620
913
1045
621
914
1046
622
915
1047
623
916
1048
624
917
1049
625
918
1050
626
919
1051
627
920
1052
628
921
1053
629
922
1054
630
923
1055
631
924
1056
632
925
1057
633
926
1058
634
927
1059
635
928
1060
636
929
1061
637
930
1062
638
931
1063
639
932
1064
640
933
1065
641
934
1066
642
935
1067
643
936
1068
644
937
1069
645
938
1070
646
939
1071
647
940
1072
648
941
1073
649
942
1074
650
943
1075
651
944
1076
907
1200
1330
908
1201
1331
909
1202
1332
910
1203
1333
911
1204
1334
912
1205
1335
913
1206
1336
914
1207
1337
915
1208
1338
916
1209
1339
917
1210
1340
918
1211
1341
919
1212
1342
920
1213
1343
921
1214
1344
922
1215
1345
923
1216
1346
924
1217
1347
925
1218
1348
926
1219
1349
927
1220
1350
928
1221
1351
929
1222
1352
930
1223
1353
931
1224
1354
932
1225
1355
933
1226
1356
934
1227
1357
935
1228
1358
936
1229
1359
937
1230
1360
938
1231
1361
939
1232
1362
940
1233
1363
941
1234
1364
942
1235
1365
943
1236
1366
944
1237
1367
945
1238
1368
946
1239
1369
947
1240
1370
948
1241
1371
949
1242
1372
950
1243
1373
951
1244
1374
952
1245
1375
953
1246
1376
954
1247
1377
955
1248
1378
956
1249
1379
957
1250
1380
958
1251
1381
959
1252
1382
960
1253
1383
961
1254
1384
962
1255
1385
963
1256
1386
964
1257
1387
965
1258
1388
966
1259
1389
967
1260
1390
968
1261
1391
969
1262
1392
970
1263
1393
971
1264
1394
972
1265
1395
973
1266
1396
974
1267
1397
975
1268
1398
976
1269
1399
977
1270
1400
978
1271
1401
979
1272
1402
980
1273
1403
981
1274
1404
982
1020
1405
983
1021
1406
984
1022
1407
985
1023
1408
986
1024
1409
987
1025
1410
988
1026
1411
989
1027
1412
990
1028
1413
991
1029
1414
992
1030
1415
993
1031
1416
994
1032
1417
995
1033
1418
996
1034
1419
997
1035
1420
998
1036
1421
999
1037
1422
1000
1038
1423
1001
1039
1424
1002
1040
1425
1003
1041
1426
1004
1042
1427
1005
1043
1428
1006
1044
1429
1007
1045
1430
1008
1046
1431
1009
1047
1432
1010
1048
1433
1011
1049
1434
1012
1050
1435
1013
1051
1436
1014
1052
1437
1015
1053
1438
1016
1054
1439
1017
1055
1440
1018
1056
1441
1019
1057
1442
765
1058
1443
766
1059
1444
767
1060
1445
768
1061
1446
769
1062
1447
770
1063
1448
771
1064
1449
772
1065
1450
773
1066
1451
774
1067
1452
775
1068
1453
776
1069
1454
777
1070
1455
778
1071
1456
779
1072
1457
780
1073
1458
781
1074
1459
782
1075
1460
783
1076
1461
784
1077
1462
785
1078
1463
786
1079
1464
787
1080
1465
788
1081
1466
789
1082
1467
790
1083
1468
791
1084
1469
792
1085
1470
793
1086
1471
794
1087
1472
795
1088
1473
796
1089
1474
797
1090
1475
798
1091
1476
799
1092
1477
800
1093
1478
801
1094
1479
802
1095
1480
803
1096
1481
804
1097
1482
805
1098
1483
806
1099
1484
807
1100
1485
808
1101
1486
809
1102
1487
810
1103
1488
811
1104
1489
812
1105
1490
813
1106
1491
814
1107
1492
815
1108
1493
816
1109
1494
817
1110
1495
818
1111
1496
819
1112
1497
820
1113
1498
821
1114
1499
822
1115
1500
823
1116
1501
824
1117
1502
825
1118
1503
826
1119
1504
827
1120
1505
828
1121
1506
829
1122
1507
830
1123
1508
831
1124
1509
832
1125
1510
833
1126
1511
834
1127
1512
835
1128
1513
836
1129
1514
837
1130
1515
838
1131
1516
839
1132
1517
840
1133
1518
841
1134
1519
842
1135
1520
843
1136
1521
844
1137
1522
845
1138
1523
846
1139
1524
847
1140
1525
848
1141
1526
849
1142
1527
850
1143
1528
851
1144
1529
852
1145
1275
853
1146
1276
854
1147
1277
855
1148
1278
856
1149
1279
857
1150
1280
858
1151
1281
859
1152
1282
860
1153
1283
861
1154
1284
862
1155
1285
863
1156
1286
864
1157
1287
865
1158
1288
866
1159
1289
867
1160
1290
868
1161
1291
869
1162
1292
870
1163
1293
871
1164
1294
872
1165
1295
873
1166
1296
874
1167
1297
875
1168
1298
876
1169
1299
877
1170
1300
878
1171
1301
879
1172
1302
880
1173
1303
881
1174
1304
882
1175
1305
883
1176
1306
884
1177
1307
885
1178
1308
886
1179
1309
887
1180
1310
888
1181
1311
889
1182
1312
890
1183
1313
891
1184
1314
892
1185
1315
893
1186
1316
894
1187
1317
895
1188
1318
896
1189
1319
897
1190
1320
898
1191
1321
899
1192
1322
900
1193
1323
901
1194
1324
902
1195
1325
903
1196
1326
904
1197
1327
905
1198
1328
906
1199
1329
1162
1376
1585
1163
1377
1586
1164
1378
1587
1165
1379
1588
1166
1380
1589
1167
1381
1590
1168
1382
1591
1169
1383
1592
1170
1384
1593
1171
1385
1594
1172
1386
1595
1173
1387
1596
1174
1388
1597
1175
1389
1598
1176
1390
1599
1177
1391
1600
1178
1392
1601
1179
1393
1602
1180
1394
1603
1181
1395
1604
1182
1396
1605
1183
1397
1606
1184
1398
1607
1185
1399
1608
1186
1400
1609
1187
1401
1610
1188
1402
1611
1189
1403
1612
1190
1404
1613
1191
1405
1614
1192
1406
1615
1193
1407
1616
1194
1408
1617
1195
1409
1618
1196
1410
1619
1197
1411
1620
1198
1412
1621
1199
1413
1622
1200
1414
1623
1201
1415
1624
1202
1416
1625
1203
1417
1626
1204
1418
1627
1205
1419
1628
1206
1420
1629
1207
1421
1630
1208
1422
1631
1209
1423
1632
1210
1424
1633
1211
1425
1634
1212
1426
1635
1213
1427
1636
1214
1428
1637
1215
1429
1638
1216
1430
1639
1217
1431
1640
1218
1432
1641
1219
1433
1642
1220
1434
1643
1221
1435
1644
1222
1436
1645
1223
1437
1646
1224
1438
1647
1225
1439
1648
1226
1440
1649
1227
1441
1650
1228
1442
1651
1229
1443
1652
1230
1444
1653
1231
1445
1654
1232
1446
1655
1233
1447
1656
1234
1448
1657
1235
1449
1658
1236
1450
1659
1237
1451
1660
1238
1452
1661
1239
1453
1662
1240
1454
1663
1241
1455
1664
1242
1456
1665
1243
1457
1666
1244
1458
1667
1245
1459
1668
1246
1460
1669
1247
1461
1670
1248
1462
1671
1249
1463
1672
1250
1464
1673
1251
1465
1674
1252
1466
1675
1253
1467
1676
1254
1468
1677
1255
1469
1678
1256
1470
1679
1257
1471
1680
1258
1472
1681
1259
1473
1682
1260
1474
1683
1261
1475
1684
1262
1476
1685
1263
1477
1686
1264
1478
1687
1265
1479
1688
1266
1480
1689
1267
1481
1690
1268
1482
1691
1269
1483
1692
1270
1484
1693
1271
1485
1694
1272
1486
1695
1273
1487
1696
1274
1488
1697
1020
1489
1698
1021
1490
1699
1022
1491
1700
1023
1492
1701
1024
1493
1702
1025
1494
1703
1026
1495
1704
1027
1496
1705
1028
1497
1706
1029
1498
1707
1030
1499
1708
1031
1500
1709
1032
1501
1710
1033
1502
1711
1034
1503
1712
1035
1504
1713
1036
1505
1714
1037
1506
1715
1038
1507
1716
1039
1508
1717
1040
1509
1718
1041
1510
1719
1042
1511
1720
1043
1512
1721
1044
1513
1722
1045
1514
1723
1046
1515
1724
1047
1516
1725
1048
1517
1726
1049
1518
1727
1050
1519
1728
1051
1520
1729
1052
1521
1730
1053
1522
1731
1054
1523
1732
1055
1524
1733
1056
1525
1734
1057
1526
1735
1058
1527
1736
1059
1528
1737
1060
1529
1738
1061
1275
1739
1062
1276
1740
1063
1277
1741
1064
1278
1742
1065
1279
1743
1066
1280
1744
1067
1281
1745
1068
1282
1746
1069
1283
1747
1070
1284
1748
1071
1285
1749
1072
1286
1750
1073
1287
1751
1074
1288
1752
1075
1289
1753
1076
1290
1754
1077
1291
1755
1078
1292
1756
1079
1293
1757
1080
1294
1758
1081
1295
1759
1082
1296
1760
1083
1297
1761
1084
1298
1762
1085
1299
1763
1086
1300
1764
1087
1301
1765
1088
1302
1766
1089
1303
1767
1090
1304
1768
1091
1305
1769
1092
1306
1770
1093
1307
1771
1094
1308
1772
1095
1309
1773
1096
1310
1774
1097
1311
1775
1098
1312
1776
1099
1313
1777
1100
1314
1778
1101
1315
1779
1102
1316
1780
1103
1317
1781
1104
1318
1782
1105
1319
1783
1106
1320
1784
1107
1321
1530
1108
1322
1531
1109
1323
1532
1110
1324
1533
1111
1325
1534
1112
1326
1535
1113
1327
1536
1114
1328
1537
1115
1329
1538
1116
1330
1539
1117
1331
1540
1118
1332
1541
1119
1333
1542
1120
1334
1543
1121
1335
1544
1122
1336
1545
1123
1337
1546
1124
1338
1547
1125
1339
1548
1126
1340
1549
1127
1341
1550
1128
1342
1551
1129
1343
1552
1130
1344
1553
1131
1345
1554
1132
1346
1555
1133
1347
1556
1134
1348
1557
1135
1349
1558
1136
1350
1559
1137
1351
1560
1138
1352
1561
1139
1353
1562
1140
1354
1563
1141
1355
1564
1142
1356
1565
1143
1357
1566
1144
1358
1567
1145
1359
1568
1146
1360
1569
1147
1361
1570
1148
1362
1571
1149
1363
1572
1150
1364
1573
1151
1365
1574
1152
1366
1575
1153
1367
1576
1154
1368
1577
1155
1369
1578
1156
1370
1579
1157
1371
1580
1158
1372
1581
1159
1373
1582
1160
1374
1583
1161
1375
1584
1417
1710
1842
1418
1711
1843
1419
1712
1844
1420
1713
1845
1421
1714
1846
1422
1715
1847
1423
1716
1848
1424
1717
1849
1425
1718
1850
1426
1719
1851
1427
1720
1852
1428
1721
1853
1429
1722
1854
1430
1723
1855
1431
1724
1856
1432
1725
1857
1433
1726
1858
1434
1727
1859
1435
1728
1860
1436
1729
1861
1437
1730
1862
1438
1731
1863
1439
1732
1864
1440
1733
1865
1441
1734
1866
1442
1735
1867
1443
1736
1868
1444
1737
1869
1445
1738
1870
1446
1739
1871
1447
1740
1872
1448
1741
1873
1449
1742
1874
1450
1743
1875
1451
1744
1876
1452
1745
1877
1453
1746
1878
1454
1747
1879
1455
1748
1880
1456
1749
1881
1457
1750
1882
1458
1751
1883
1459
1752
1884
1460
1753
1885
1461
1754
1886
1462
1755
1887
1463
1756
1888
1464
1757
1889
1465
1758
1890
1466
1759
1891
1467
1760
1892
1468
1761
1893
1469
1762
1894
1470
1763
1895
1471
1764
1896
1472
1765
1897
1473
1766
1898
1474
1767
1899
1475
1768
1900
1476
1769
1901
1477
1770
1902
1478
1771
1903
1479
1772
1904
1480
1773
1905
1481
1774
1906
1482
1775
1907
1483
1776
1908
1484
1777
1909
1485
1778
1910
1486
1779
1911
1487
1780
1912
1488
1781
1913
1489
1782
1914
1490
1783
1915
1491
1784
1916
1492
1530
1917
1493
1531
1918
1494
1532
1919
1495
1533
1920
1496
1534
1921
1497
1535
1922
1498
1536
1923
1499
1537
1924
1500
1538
1925
1501
1539
1926
1502
1540
1927
1503
1541
1928
1504
1542
1929
1505
1543
1930
1506
1544
1931
1507
1545
1932
1508
1546
1933
1509
1547
1934
1510
1548
1935
1511
1549
1936
1512
1550
1937
1513
1551
1938
1514
1552
1939
1515
1553
1940
1516
1554
1941
1517
1555
1942
1518
1556
1943
1519
1557
1944
1520
1558
1945
1521
1559
1946
1522
1560
1947
1523
1561
1948
1524
1562
1949
1525
1563
1950
1526
1564
1951
1527
1565
1952
1528
1566
1953
1529
1567
1954
1275
1568
1955
1276
1569
1956
1277
1570
1957
1278
1571
1958
1279
1572
1959
1280
1573
1960
1281
1574
1961
1282
1575
1962
1283
1576
1963
1284
1577
1964
1285
1578
1965
1286
1579
1966
1287
1580
1967
1288
1581
1968
1289
1582
1969
1290
1583
1970
1291
1584
1971
1292
1585
1972
1293
1586
1973
1294
1587
1974
1295
1588
1975
1296
1589
1976
1297
1590
1977
1298
1591
1978
1299
1592
1979
1300
1593
1980
1301
1594
1981
1302
1595
1982
1303
1596
1983
1304
1597
1984
1305
1598
1985
1306
1599
1986
1307
1600
1987
1308
1601
1988
1309
1602
1989
1310
1603
1990
1311
1604
1991
1312
1605
1992
1313
1606
1993
1314
1607
1994
1315
1608
1995
1316
1609
1996
1317
1610
1997
1318
1611
1998
1319
1612
1999
1320
1613
2000
1321
1614
2001
1322
1615
2002
1323
1616
2003
1324
1617
2004
1325
1618
2005
1326
1619
2006
1327
1620
2007
1328
1621
2008
1329
1622
2009
1330
1623
2010
1331
1624
2011
1332
1625
2012
1333
1626
2013
1334
1627
2014
1335
1628
2015
1336
1629
2016
1337
1630
2017
1338
1631
2018
1339
1632
2019
1340
1633
2020
1341
1634
2021
1342
1635
2022
1343
1636
2023
1344
1637
2024
1345
1638
2025
1346
1639
2026
1347
1640
2027
1348
1641
2028
1349
1642
2029
1350
1643
2030
1351
1644
2031
1352
1645
2032
1353
1646
2033
1354
1647
2034
1355
1648
2035
1356
1649
2036
1357
1650
2037
1358
1651
2038
1359
1652
2039
1360
1653
1785
1361
1654
1786
1362
1655
1787
1363
1656
1788
1364
1657
1789
1365
1658
1790
1366
1659
1791
1367
1660
1792
1368
1661
1793
1369
1662
1794
1370
1663
1795
1371
1664
1796
1372
1665
1797
1373
1666
1798
1374
1667
1799
1375
1668
1800
1376
1669
1801
1377
1670
1802
1378
1671
1803
1379
1672
1804
1380
1673
1805
1381
1674
1806
1382
1675
1807
1383
1676
1808
1384
1677
1809
1385
1678
1810
1386
1679
1811
1387
1680
1812
1388
1681
1813
1389
1682
1814
1390
1683
1815
1391
1684
1816
1392
1685
1817
1393
1686
1818
1394
1687
1819
1395
1688
1820
1396
1689
1821
1397
1690
1822
1398
1691
1823
1399
1692
1824
1400
1693
1825
1401
1694
1826
1402
1695
1827
1403
1696
1828
1404
1697
1829
1405
1698
1830
1406
1699
1831
1407
1700
1832
1408
1701
1833
1409
1702
1834
1410
1703
1835
1411
1704
1836
1412
1705
1837
1413
1706
1838
1414
1707
1839
1415
1708
1840
1416
1709
1841
1672
1965
2097
1673
1966
2098
1674
1967
2099
1675
1968
2100
1676
1969
2101
1677
1970
2102
1678
1971
2103
1679
1972
2104
1680
1973
2105
1681
1974
2106
1682
1975
2107
1683
1976
2108
1684
1977
2109
1685
1978
2110
1686
1979
2111
1687
1980
2112
1688
1981
2113
1689
1982
2114
1690
1983
2115
1691
1984
2116
1692
1985
2117
1693
1986
2118
1694
1987
2119
1695
1988
2120
1696
1989
2121
1697
1990
2122
1698
1991
2123
1699
1992
2124
1700
1993
2125
1701
1994
2126
1702
1995
2127
1703
1996
2128
1704
1997
2129
1705
1998
2130
1706
1999
2131
1707
2000
2132
1708
2001
2133
1709
2002
2134
1710
2003
2135
1711
2004
2136
1712
2005
2137
1713
2006
2138
1714
2007
2139
1715
2008
2140
1716
2009
2141
1717
2010
2142
1718
2011
2143
1719
2012
2144
1720
2013
2145
1721
2014
2146
1722
2015
2147
1723
2016
2148
1724
2017
2149
1725
2018
2150
1726
2019
2151
1727
2020
2152
1728
2021
2153
1729
2022
2154
1730
2023
2155
1731
2024
2156
1732
2025
2157
1733
2026
2158
1734
2027
2159
1735
2028
2160
1736
2029
2161
1737
2030
2162
1738
2031
2163
1739
2032
2164
1740
2033
2165
1741
2034
2166
1742
2035
2167
1743
2036
2168
1744
2037
2169
1745
2038
2170
1746
2039
2171
1747
1785
2172
1748
1786
2173
1749
1787
2174
1750
1788
2175
1751
1789
2176
1752
1790
2177
1753
1791
2178
1754
1792
2179
1755
1793
2180
1756
1794
2181
1757
1795
2182
1758
1796
2183
1759
1797
2184
1760
1798
2185
1761
1799
2186
1762
1800
2187
1763
1801
2188
1764
1802
2189
1765
1803
2190
1766
1804
2191
1767
1805
2192
1768
1806
2193
1769
1807
2194
1770
1808
2195
1771
1809
2196
1772
1810
2197
1773
1811
2198
1774
1812
2199
1775
1813
2200
1776
1814
2201
1777
1815
2202
1778
1816
2203
1779
1817
2204
1780
1818
2205
1781
1819
2206
1782
1820
2207
1783
1821
2208
1784
1822
2209
1530
1823
2210
1531
1824
2211
1532
1825
2212
1533
1826
2213
1534
1827
2214
1535
1828
2215
1536
1829
2216
1537
1830
2217
1538
1831
2218
1539
1832
2219
1540
1833
2220
1541
1834
2221
1542
1835
2222
1543
1836
2223
1544
1837
2224
1545
1838
2225
1546
1839
2226
1547
1840
2227
1548
1841
2228
1549
1842
2229
1550
1843
2230
1551
1844
2231
1552
1845
2232
1553
1846
2233
1554
1847
2234
1555
1848
2235
1556
1849
2236
1557
1850
2237
1558
1851
2238
1559
1852
2239
1560
1853
2240
1561
1854
2241
1562
1855
2242
1563
1856
2243
1564
1857
2244
1565
1858
2245
1566
1859
2246
1567
1860
2247
1568
1861
2248
1569
1862
2249
1570
1863
2250
1571
1864
2251
1572
1865
2252
1573
1866
2253
1574
1867
2254
1575
1868
2255
1576
1869
2256
1577
1870
2257
1578
1871
2258
1579
1872
2259
1580
1873
2260
1581
1874
2261
1582
1875
2262
1583
1876
2263
1584
1877
2264
1585
1878
2265
1586
1879
2266
1587
1880
2267
1588
1881
2268
1589
1882
2269
1590
1883
2270
1591
1884
2271
1592
1885
2272
1593
1886
2273
1594
1887
2274
1595
1888
2275
1596
1889
2276
1597
1890
2277
1598
1891
2278
1599
1892
2279
1600
1893
2280
1601
1894
2281
1602
1895
2282
1603
1896
2283
1604
1897
2284
1605
1898
2285
1606
1899
2286
1607
1900
2287
1608
1901
2288
1609
1902
2289
1610
1903
2290
1611
1904
2291
1612
1905
2292
1613
1906
2293
1614
1907
2294
1615
1908
2040
1616
1909
2041
1617
1910
2042
1618
1911
2043
1619
1912
2044
1620
1913
2045
1621
1914
2046
1622
1915
2047
1623
1916
2048
1624
1917
2049
1625
1918
2050
1626
1919
2051
1627
1920
2052
1628
1921
2053
1629
1922
2054
1630
1923
2055
1631
1924
2056
1632
1925
2057
1633
1926
2058
1634
1927
2059
1635
1928
2060
1636
1929
2061
1637
1930
2062
1638
1931
2063
1639
1932
2064
1640
1933
2065
1641
1934
2066
1642
1935
2067
1643
1936
2068
1644
1937
2069
1645
1938
2070
1646
1939
2071
1647
1940
2072
1648
1941
2073
1649
1942
2074
1650
1943
2075
1651
1944
2076
1652
1945
2077
1653
1946
2078
1654
1947
2079
1655
1948
2080
1656
1949
2081
1657
1950
2082
1658
1951
2083
1659
1952
2084
1660
1953
2085
1661
1954
2086
1662
1955
2087
1663
1956
2088
1664
1957
2089
1665
1958
2090
1666
1959
2091
1667
1960
2092
1668
1961
2093
1669
1962
2094
1670
1963
2095
1671
1964
2096
1927
2220
2352
1928
2221
2353
1929
2222
2354
1930
2223
2355
1931
2224
2356
1932
2225
2357
1933
2226
2358
1934
2227
2359
1935
2228
2360
1936
2229
2361
1937
2230
2362
1938
2231
2363
1939
2232
2364
1940
2233
2365
1941
2234
2366
1942
2235
2367
1943
2236
2368
1944
2237
2369
1945
2238
2370
1946
2239
2371
1947
2240
2372
1948
2241
2373
1949
2242
2374
1950
2243
2375
1951
2244
2376
1952
2245
2377
1953
2246
2378
1954
2247
2379
1955
2248
2380
1956
2249
2381
1957
2250
2382
1958
2251
2383
1959
2252
2384
1960
2253
2385
1961
2254
2386
1962
2255
2387
1963
2256
2388
1964
2257
2389
1965
2258
2390
1966
2259
2391
1967
2260
2392
1968
2261
2393
1969
2262
2394
1970
2263
2395
1971
2264
2396
1972
2265
2397
1973
2266
2398
1974
2267
2399
1975
2268
2400
1976
2269
2401
1977
2270
2402
1978
2271
2403
1979
2272
2404
1980
2273
2405
1981
2274
2406
1982
2275
2407
1983
2276
2408
1984
2277
2409
1985
2278
2410
1986
2279
2411
1987
2280
2412
1988
2281
2413
1989
2282
2414
1990
2283
2415
1991
2284
2416
1992
2285
2417
1993
2286
2418
1994
2287
2419
1995
2288
2420
1996
2289
2421
1997
2290
2422
1998
2291
2423
1999
2292
2424
2000
2293
2425
2001
2294
2426
2002
2040
2427
2003
2041
2428
2004
2042
2429
2005
2043
2430
2006
2044
2431
2007
2045
2432
2008
2046
2433
2009
2047
2434
2010
2048
2435
2011
2049
2436
2012
2050
2437
2013
2051
2438
2014
2052
2439
2015
2053
2440
2016
2054
2441
2017
2055
2442
2018
2056
2443
2019
2057
2444
2020
2058
2445
2021
2059
2446
2022
2060
2447
2023
2061
2448
2024
2062
2449
2025
2063
2450
2026
2064
2451
2027
2065
2452
2028
2066
2453
2029
2067
2454
2030
2068
2455
2031
2069
2456
2032
2070
2457
2033
2071
2458
2034
2072
2459
2035
2073
2460
2036
2074
2461
2037
2075
2462
2038
2076
2463
2039
2077
2464
1785
2078
2465
1786
2079
2466
1787
2080
2467
1788
2081
2468
1789
2082
2469
1790
2083
2470
1791
2084
2471
1792
2085
2472
1793
2086
2473
1794
2087
2474
1795
2088
2475
1796
2089
2476
1797
2090
2477
1798
2091
2478
1799
2092
2479
1800
2093
2480
1801
2094
2481
1802
2095
2482
1803
2096
2483
1804
2097
2484
1805
2098
2485
1806
2099
2486
1807
2100
2487
1808
2101
2488
1809
2102
2489
1810
2103
2490
1811
2104
2491
1812
2105
2492
1813
2106
2493
1814
2107
2494
1815
2108
2495
1816
2109
2496
1817
2110
2497
1818
2111
2498
1819
2112
2499
1820
2113
2500
1821
2114
2501
1822
2115
2502
1823
2116
2503
1824
2117
2504
1825
2118
2505
1826
2119
2506
1827
2120
2507
1828
2121
2508
1829
2122
2509
1830
2123
2510
1831
2124
2511
1832
2125
2512
1833
2126
2513
1834
2127
2514
1835
2128
2515
1836
2129
2516
1837
2130
2517
1838
2131
2518
1839
2132
2519
1840
2133
2520
1841
2134
2521
1842
2135
2522
1843
2136
2523
1844
2137
2524
1845
2138
2525
1846
2139
2526
1847
2140
2527
1848
2141
2528
1849
2142
2529
1850
2143
2530
1851
2144
2531
1852
2145
2532
1853
2146
2533
1854
2147
2534
1855
2148
2535
1856
2149
2536
1857
2150
2537
1858
2151
2538
1859
2152
2539
1860
2153
2540
1861
2154
2541
1862
2155
2542
1863
2156
2543
1864
2157
2544
1865
2158
2545
1866
2159
2546
1867
2160
2547
1868
2161
2548
1869
2162
2549
1870
2163
2295
1871
2164
2296
1872
2165
2297
1873
2166
2298
1874
2167
2299
1875
2168
2300
1876
2169
2301
1877
2170
2302
1878
2171
2303
1879
2172
2304
1880
2173
2305
1881
2174
2306
1882
2175
2307
1883
2176
2308
1884
2177
2309
1885
2178
2310
1886
2179
2311
1887
2180
2312
1888
2181
2313
1889
2182
2314
1890
2183
2315
1891
2184
2316
1892
2185
2317
1893
2186
2318
1894
2187
2319
1895
2188
2320
1896
2189
2321
1897
2190
2322
1898
2191
2323
1899
2192
2324
1900
2193
2325
1901
2194
2326
1902
2195
2327
1903
2196
2328
1904
2197
2329
1905
2198
2330
1906
2199
2331
1907
2200
2332
1908
2201
2333
1909
2202
2334
1910
2203
2335
1911
2204
2336
1912
2205
2337
1913
2206
2338
1914
2207
2339
1915
2208
2340
1916
2209
2341
1917
2210
2342
1918
2211
2343
1919
2212
2344
1920
2213
2345
1921
2214
2346
1922
2215
2347
1923
2216
2348
1924
2217
2349
1925
2218
2350
1926
2219
2351
55
2182
2475
56
2183
2476
57
2184
2477
58
2185
2478
59
2186
2479
60
2187
2480
61
2188
2481
62
2189
2482
63
2190
2483
64
2191
2484
65
2192
2485
66
2193
2486
67
2194
2487
68
2195
2488
69
2196
2489
70
2197
2490
71
2198
2491
72
2199
2492
73
2200
2493
74
2201
2494
75
2202
2495
76
2203
2496
77
2204
2497
78
2205
2498
79
2206
2499
80
2207
2500
81
2208
2501
82
2209
2502
83
2210
2503
84
2211
2504
85
2212
2505
86
2213
2506
87
2214
2507
88
2215
2508
89
2216
2509
90
2217
2510
91
2218
2511
92
2219
2512
93
2220
2513
94
2221
2514
95
2222
2515
96
2223
2516
97
2224
2517
98
2225
2518
99
2226
2519
100
2227
2520
101
2228
2521
102
2229
2522
103
2230
2523
104
2231
2524
105
2232
2525
106
2233
2526
107
2234
2527
108
2235
2528
109
2236
2529
110
2237
2530
111
2238
2531
112
2239
2532
113
2240
2533
114
2241
2534
115
2242
2535
116
2243
2536
117
2244
2537
118
2245
2538
119
2246
2539
120
2247
2540
121
2248
2541
122
2249
2542
123
2250
2543
124
2251
2544
125
2252
2545
126
2253
2546
127
2254
2547
128
2255
2548
129
2256
2549
130
2257
2295
131
2258
2296
132
2259
2297
133
2260
2298
134
2261
2299
135
2262
2300
136
2263
2301
137
2264
2302
138
2265
2303
139
2266
2304
140
2267
2305
141
2268
2306
142
2269
2307
143
2270
2308
144
2271
2309
145
2272
2310
146
2273
2311
147
2274
2312
148
2275
2313
149
2276
2314
150
2277
2315
151
2278
2316
152
2279
2317
153
2280
2318
154
2281
2319
155
2282
2320
156
2283
2321
157
2284
2322
158
2285
2323
159
2286
2324
160
2287
2325
161
2288
2326
162
2289
2327
163
2290
2328
164
2291
2329
165
2292
2330
166
2293
2331
167
2294
2332
168
2040
2333
169
2041
2334
170
2042
2335
171
2043
2336
172
2044
2337
173
2045
2338
174
2046
2339
175
2047
2340
176
2048
2341
177
2049
2342
178
2050
2343
179
2051
2344
180
2052
2345
181
2053
2346
182
2054
2347
183
2055
2348
184
2056
2349
185
2057
2350
186
2058
2351
187
2059
2352
188
2060
2353
189
2061
2354
190
2062
2355
191
2063
2356
192
2064
2357
193
2065
2358
194
2066
2359
195
2067
2360
196
2068
2361
197
2069
2362
198
2070
2363
199
2071
2364
200
2072
2365
201
2073
2366
202
2074
2367
203
2075
2368
204
2076
2369
205
2077
2370
206
2078
2371
207
2079
2372
208
2080
2373
209
2081
2374
210
2082
2375
211
2083
2376
212
2084
2377
213
2085
2378
214
2086
2379
215
2087
2380
216
2088
2381
217
2089
2382
218
2090
2383
219
2091
2384
220
2092
2385
221
2093
2386
222
2094
2387
223
2095
2388
224
2096
2389
225
2097
2390
226
2098
2391
227
2099
2392
228
2100
2393
229
2101
2394
230
2102
2395
231
2103
2396
232
2104
2397
233
2105
2398
234
2106
2399
235
2107
2400
236
2108
2401
237
2109
2402
238
2110
2403
239
2111
2404
240
2112
2405
241
2113
2406
242
2114
2407
243
2115
2408
244
2116
2409
245
2117
2410
246
2118
2411
247
2119
2412
248
2120
2413
249
2121
2414
250
2122
2415
251
2123
2416
252
2124
2417
253
2125
2418
254
2126
2419
0
2127
2420
1
2128
2421
2
2129
2422
3
2130
2423
4
2131
2424
5
2132
2425
6
2133
2426
7
2134
2427
8
2135
2428
9
2136
2429
10
2137
2430
11
2138
2431
12
2139
2432
13
2140
2433
14
2141
2434
15
2142
2435
16
2143
2436
17
2144
2437
18
2145
2438
19
2146
2439
20
2147
2440
21
2148
2441
22
2149
2442
23
2150
2443
24
2151
2444
25
2152
2445
26
2153
2446
27
2154
2447
28
2155
2448
29
2156
2449
30
2157
2450
31
2158
2451
32
2159
2452
33
2160
2453
34
2161
2454
35
2162
2455
36
2163
2456
37
2164
2457
38
2165
2458
39
2166
2459
40
2167
2460
41
2168
2461
42
2169
2462
43
2170
2463
44
2171
2464
45
2172
2465
46
2173
2466
47
2174
2467
48
2175
2468
49
2176
2469
50
2177
2470
51
2178
2471
52
2179
2472
53
2180
2473
54
2181
2474
101
310
2437
102
311
2438
103
312
2439
104
313
2440
105
314
2441
106
315
2442
107
316
2443
108
317
2444
109
318
2445
110
319
2446
111
320
2447
112
321
2448
113
322
2449
114
323
2450
115
324
2451
116
325
2452
117
326
2453
118
327
2454
119
328
2455
120
329
2456
121
330
2457
122
331
2458
123
332
2459
124
333
2460
125
334
2461
126
335
2462
127
336
2463
128
337
2464
129
338
2465
130
339
2466
131
340
2467
132
341
2468
133
342
2469
134
343
2470
135
344
2471
136
345
2472
137
346
2473
138
347
2474
139
348
2475
140
349
2476
141
350
2477
142
351
2478
143
352
2479
144
353
2480
145
354
2481
146
355
2482
147
356
2483
148
357
2484
149
358
2485
150
359
2486
151
360
2487
152
361
2488
153
362
2489
154
363
2490
155
364
2491
156
365
2492
157
366
2493
158
367
2494
159
368
2495
160
369
2496
161
370
2497
162
371
2498
163
372
2499
164
373
2500
165
374
2501
166
375
2502
167
376
2503
168
377
2504
169
378
2505
170
379
2506
171
380
2507
172
381
2508
173
382
2509
174
383
2510
175
384
2511
176
385
2512
177
386
2513
178
387
2514
179
388
2515
180
389
2516
181
390
2517
182
391
2518
183
392
2519
184
393
2520
185
394
2521
186
395
2522
187
396
2523
188
397
2524
189
398
2525
190
399
2526
191
400
2527
192
401
2528
193
402
2529
194
403
2530
195
404
2531
196
405
2532
197
406
2533
198
407
2534
199
408
2535
200
409
2536
201
410
2537
202
411
2538
203
412
2539
204
413
2540
205
414
2541
206
415
2542
207
416
2543
208
417
2544
209
418
2545
210
419
2546
211
420
2547
212
421
2548
213
422
2549
214
423
2295
215
424
2296
216
425
2297
217
426
2298
218
427
2299
219
428
2300
220
429
2301
221
430
2302
222
431
2303
223
432
2304
224
433
2305
225
434
2306
226
435
2307
227
436
2308
228
437
2309
229
438
2310
230
439
2311
231
440
2312
232
441
2313
233
442
2314
234
443
2315
235
444
2316
236
445
2317
237
446
2318
238
447
2319
239
448
2320
240
449
2321
241
450
2322
242
451
2323
243
452
2324
244
453
2325
245
454
2326
246
455
2327
247
456
2328
248
457
2329
249
458
2330
250
459
2331
251
460
2332
252
461
2333
253
462
2334
254
463
2335
0
464
2336
1
465
2337
2
466
2338
3
467
2339
4
468
2340
5
469
2341
6
470
2342
7
471
2343
8
472
2344
9
473
2345
10
474
2346
11
475
2347
12
476
2348
13
477
2349
14
478
2350
15
479
2351
16
480
2352
17
481
2353
18
482
2354
19
483
2355
20
484
2356
21
485
2357
22
486
2358
23
487
2359
24
488
2360
25
489
2361
26
490
2362
27
491
2363
28
492
2364
29
493
2365
30
494
2366
31
495
2367
32
496
2368
33
497
2369
34
498
2370
35
499
2371
36
500
2372
37
501
2373
38
502
2374
39
503
2375
40
504
2376
41
505
2377
42
506
2378
43
507
2379
44
508
2380
45
509
2381
46
255
2382
47
256
2383
48
257
2384
49
258
2385
50
259
2386
51
260
2387
52
261
2388
53
262
2389
54
263
2390
55
264
2391
56
265
2392
57
266
2393
58
267
2394
59
268
2395
60
269
2396
61
270
2397
62
271
2398
63
272
2399
64
273
2400
65
274
2401
66
275
2402
67
276
2403
68
277
2404
69
278
2405
70
279
2406
71
280
2407
72
281
2408
73
282
2409
74
283
2410
75
284
2411
76
285
2412
77
286
2413
78
287
2414
79
288
2415
80
289
2416
81
290
2417
82
291
2418
83
292
2419
84
293
2420
85
294
2421
86
295
2422
87
296
2423
88
297
2424
89
298
2425
90
299
2426
91
300
2427
92
301
2428
93
302
2429
94
303
2430
95
304
2431
96
305
2432
97
306
2433
98
307
2434
99
308
2435
100
309
2436
96
356
565
97
357
566
98
358
567
99
359
568
100
360
569
101
361
570
102
362
571
103
363
572
104
364
573
105
365
574
106
366
575
107
367
576
108
368
577
109
369
578
110
370
579
111
371
580
112
372
581
113
373
582
114
374
583
115
375
584
116
376
585
117
377
586
118
378
587
119
379
588
120
380
589
121
381
590
122
382
591
123
383
592
124
384
593
125
385
594
126
386
595
127
387
596
128
388
597
129
389
598
130
390
599
131
391
600
132
392
601
133
393
602
134
394
603
135
395
604
136
396
605
137
397
606
138
398
607
139
399
608
140
400
609
141
401
610
142
402
611
143
403
612
144
404
613
145
405
614
146
406
615
147
407
616
148
408
617
149
409
618
150
410
619
151
411
620
152
412
621
153
413
622
154
414
623
155
415
624
156
416
625
157
417
626
158
418
627
159
419
628
160
420
629
161
421
630
162
422
631
163
423
632
164
424
633
165
425
634
166
426
635
167
427
636
168
428
637
169
429
638
170
430
639
171
431
640
172
432
641
173
433
642
174
434
643
175
435
644
176
436
645
177
437
646
178
438
647
179
439
648
180
440
649
181
441
650
182
442
651
183
443
652
184
444
653
185
445
654
186
446
655
187
447
656
188
448
657
189
449
658
190
450
659
191
451
660
192
452
661
193
453
662
194
454
663
195
455
664
196
456
665
197
457
666
198
458
667
199
459
668
200
460
669
201
461
670
202
462
671
203
463
672
204
464
673
205
465
674
206
466
675
207
467
676
208
468
677
209
469
678
210
470
679
211
471
680
212
472
681
213
473
682
214
474
683
215
475
684
216
476
685
217
477
686
218
478
687
219
479
688
220
480
689
221
481
690
222
482
691
223
483
692
224
484
693
225
485
694
226
486
695
227
487
696
228
488
697
229
489
698
230
490
699
231
491
700
232
492
701
233
493
702
234
494
703
235
495
704
236
496
705
237
497
706
238
498
707
239
499
708
240
500
709
241
501
710
242
502
711
243
503
712
244
504
713
245
505
714
246
506
715
247
507
716
248
508
717
249
509
718
250
255
719
251
256
720
252
257
721
253
258
722
254
259
723
0
260
724
1
261
725
2
262
726
3
263
727
4
264
728
5
265
729
6
266
730
7
267
731
8
268
732
9
269
733
10
270
734
11
271
735
12
272
736
13
273
737
14
274
738
15
275
739
16
276
740
17
277
741
18
278
742
19
279
743
20
280
744
21
281
745
22
282
746
23
283
747
24
284
748
25
285
749
26
286
750
27
287
751
28
288
752
29
289
753
30
290
754
31
291
755
32
292
756
33
293
757
34
294
758
35
295
759
36
296
760
37
297
761
38
298
762
39
299
763
40
300
764
41
301
510
42
302
511
43
303
512
44
304
513
45
305
514
46
306
515
47
307
516
48
308
517
49
309
518
50
310
519
51
311
520
52
312
521
53
313
522
54
314
523
55
315
524
56
316
525
57
317
526
58
318
527
59
319
528
60
320
529
61
321
530
62
322
531
63
323
532
64
324
533
65
325
534
66
326
535
67
327
536
68
328
537
69
329
538
70
330
539
71
331
540
72
332
541
73
333
542
74
334
543
75
335
544
76
336
545
77
337
546
78
338
547
79
339
548
80
340
549
81
341
550
82
342
551
83
343
552
84
344
553
85
345
554
86
346
555
87
347
556
88
348
557
89
349
558
90
350
559
91
351
560
92
352
561
93
353
562
94
354
563
95
355
564
351
611
820
352
612
821
353
613
822
354
614
823
355
615
824
356
616
825
357
617
826
358
618
827
359
619
828
360
620
829
361
621
830
362
622
831
363
623
832
364
624
833
365
625
834
366
626
835
367
627
836
368
628
837
369
629
838
370
630
839
371
631
840
372
632
841
373
633
842
374
634
843
375
635
844
376
636
845
377
637
846
378
638
847
379
639
848
380
640
849
381
641
850
382
642
851
383
643
852
384
644
853
385
645
854
386
646
855
387
647
856
388
648
857
389
649
858
390
650
859
391
651
860
392
652
861
393
653
862
394
654
863
395
655
864
396
656
865
397
657
866
398
658
867
399
659
868
400
660
869
401
661
870
402
662
871
403
663
872
404
664
873
405
665
874
406
666
875
407
667
876
408
668
877
409
669
878
410
670
879
411
671
880
412
672
881
413
673
882
414
674
883
415
675
884
416
676
885
417
677
886
418
678
887
419
679
888
420
680
889
421
681
890
422
682
891
423
683
892
424
684
893
425
685
894
426
686
895
427
687
896
428
688
897
429
689
898
430
690
899
431
691
900
432
692
901
433
693
902
434
694
903
435
695
904
436
696
905
437
697
906
438
698
907
439
699
908
440
700
909
441
701
910
442
702
911
443
703
912
444
704
913
445
705
914
446
706
915
447
707
916
448
708
917
449
709
918
450
710
919
451
711
920
452
712
921
453
713
922
454
714
923
455
715
924
456
716
925
457
717
926
458
718
927
459
719
928
460
720
929
461
721
930
462
722
931
463
723
932
464
724
933
465
725
934
466
726
935
467
727
936
468
728
937
469
729
938
470
730
939
471
731
940
472
732
941
473
733
942
474
734
943
475
735
944
476
736
945
477
737
946
478
738
947
479
739
948
480
740
949
481
741
950
482
742
951
483
743
952
484
744
953
485
745
954
486
746
955
487
747
956
488
748
957
489
749
958
490
750
959
491
751
960
492
752
961
493
753
962
494
754
963
495
755
964
496
756
965
497
757
966
498
758
967
499
759
968
500
760
969
501
761
970
502
762
971
503
763
972
504
764
973
505
510
974
506
511
975
507
512
976
508
513
977
509
514
978
255
515
979
256
516
980
257
517
981
258
518
982
259
519
983
260
520
984
261
521
985
262
522
986
263
523
987
264
524
988
265
525
989
266
526
990
267
527
991
268
528
992
269
529
993
270
530
994
271
531
995
272
532
996
273
533
997
274
534
998
275
535
999
276
536
1000
277
537
1001
278
538
1002
279
539
1003
280
540
1004
281
541
1005
282
542
1006
283
543
1007
284
544
1008
285
545
1009
286
546
1010
287
547
1011
288
548
1012
289
549
1013
290
550
1014
291
551
1015
292
552
1016
293
553
1017
294
554
1018
295
555
1019
296
556
765
297
557
766
298
558
767
299
559
768
300
560
769
301
561
770
302
562
771
303
563
772
304
564
773
305
565
774
306
566
775
307
567
776
308
568
777
309
569
778
310
570
779
311
571
780
312
572
781
313
573
782
314
574
783
315
575
784
316
576
785
317
577
786
318
578
787
319
579
788
320
580
789
321
581
790
322
582
791
323
583
792
324
584
793
325
585
794
326
586
795
327
587
796
328
588
797
329
589
798
330
590
799
331
591
800
332
592
801
333
593
802
334
594
803
335
595
804
336
596
805
337
597
806
338
598
807
339
599
808
340
600
809
341
601
810
342
602
811
343
603
812
344
604
813
345
605
814
346
606
815
347
607
816
348
608
817
349
609
818
350
610
819
606
866
1075
607
867
1076
608
868
1077
609
869
1078
610
870
1079
611
871
1080
612
872
1081
613
873
1082
614
874
1083
615
875
1084
616
876
1085
617
877
1086
618
878
1087
619
879
1088
620
880
1089
621
881
1090
622
882
1091
623
883
1092
624
884
1093
625
885
1094
626
886
1095
627
887
1096
628
888
1097
629
889
1098
630
890
1099
631
891
1100
632
892
1101
633
893
1102
634
894
1103
635
895
1104
636
896
1105
637
897
1106
638
898
1107
639
899
1108
640
900
1109
641
901
1110
642
902
1111
643
903
1112
644
904
1113
645
905
1114
646
906
1115
647
907
1116
648
908
1117
649
909
1118
650
910
1119
651
911
1120
652
912
1121
653
913
1122
654
914
1123
655
915
1124
656
916
1125
657
917
1126
658
918
1127
659
919
1128
660
920
1129
661
921
1130
662
922
1131
663
923
1132
664
924
1133
665
925
1134
666
926
1135
667
927
1136
668
928
1137
669
929
1138
670
930
1139
671
931
1140
672
932
1141
673
933
1142
674
934
1143
675
935
1144
676
936
1145
677
937
1146
678
938
1147
679
939
1148
680
940
1149
681
941
1150
682
942
1151
683
943
1152
684
944
1153
685
945
1154
686
946
1155
687
947
1156
688
948
1157
689
949
1158
690
950
1159
691
951
1160
692
952
1161
693
953
1162
694
954
1163
695
955
1164
696
956
1165
697
957
1166
698
958
1167
699
959
1168
700
960
1169
701
961
1170
702
962
1171
703
963
1172
704
964
1173
705
965
1174
706
966
1175
707
967
1176
708
968
1177
709
969
1178
710
970
1179
711
971
1180
712
972
1181
713
973
1182
714
974
1183
715
975
1184
716
976
1185
717
977
1186
718
978
1187
719
979
1188
720
980
1189
721
981
1190
722
982
1191
723
983
1192
724
984
1193
725
985
1194
726
986
1195
727
987
1196
728
988
1197
729
989
1198
730
990
1199
731
991
1200
732
992
1201
733
993
1202
734
994
1203
735
995
1204
736
996
1205
737
997
1206
738
998
1207
739
999
1208
740
1000
1209
741
1001
1210
742
1002
1211
743
1003
1212
744
1004
1213
745
1005
1214
746
1006
1215
747
1007
1216
748
1008
1217
749
1009
1218
750
1010
1219
751
1011
1220
752
1012
1221
753
1013
1222
754
1014
1223
755
1015
1224
756
1016
1225
757
1017
1226
758
1018
1227
759
1019
1228
760
765
1229
761
766
1230
762
767
1231
763
768
1232
764
769
1233
510
770
1234
511
771
1235
512
772
1236
513
773
1237
514
774
1238
515
775
1239
516
776
1240
517
777
1241
518
778
1242
519
779
1243
520
780
1244
521
781
1245
522
782
1246
523
783
1247
524
784
1248
525
785
1249
526
786
1250
527
787
1251
528
788
1252
529
789
1253
530
790
1254
531
791
1255
532
792
1256
533
793
1257
534
794
1258
535
795
1259
536
796
1260
537
797
1261
538
798
1262
539
799
1263
540
800
1264
541
801
1265
542
802
1266
543
803
1267
544
804
1268
545
805
1269
546
806
1270
547
807
1271
548
808
1272
549
809
1273
550
810
1274
551
811
1020
552
812
1021
553
813
1022
554
814
1023
555
815
1024
556
816
1025
557
817
1026
558
818
1027
559
819
1028
560
820
1029
561
821
1030
562
822
1031
563
823
1032
564
824
1033
565
825
1034
566
826
1035
567
827
1036
568
828
1037
569
829
1038
570
830
1039
571
831
1040
572
832
1041
573
833
1042
574
834
1043
575
835
1044
576
836
1045
577
837
1046
578
838
1047
579
839
1048
580
840
1049
581
841
1050
582
842
1051
583
843
1052
584
844
1053
585
845
1054
586
846
1055
587
847
1056
588
848
1057
589
849
1058
590
850
1059
591
851
1060
592
852
1061
593
853
1062
594
854
1063
595
855
1064
596
856
1065
597
857
1066
598
858
1067
599
859
1068
600
860
1069
601
861
1070
602
862
1071
603
863
1072
604
864
1073
605
865
1074
861
1121
1431
862
1122
1432
863
1123
1433
864
1124
1434
865
1125
1435
866
1126
1436
867
1127
1437
868
1128
1438
869
1129
1439
870
1130
1440
871
1131
1441
872
1132
1442
873
1133
1443
874
1134
1444
875
1135
1445
876
1136
1446
877
1137
1447
878
1138
1448
879
1139
1449
880
1140
1450
881
1141
1451
882
1142
1452
883
1143
1453
884
1144
1454
885
1145
1455
886
1146
1456
887
1147
1457
888
1148
1458
889
1149
1459
890
1150
1460
891
1151
1461
892
1152
1462
893
1153
1463
894
1154
1464
895
1155
1465
896
1156
1466
897
1157
1467
898
1158
1468
899
1159
1469
900
1160
1470
901
1161
1471
902
1162
1472
903
1163
1473
904
1164
1474
905
1165
1475
906
1166
1476
907
1167
1477
908
1168
1478
909
1169
1479
910
1170
1480
911
1171
1481
912
1172
1482
913
1173
1483
914
1174
1484
915
1175
1485
916
1176
1486
917
1177
1487
918
1178
1488
919
1179
1489
920
1180
1490
921
1181
1491
922
1182
1492
923
1183
1493
924
1184
1494
925
1185
1495
926
1186
1496
927
1187
1497
928
1188
1498
929
1189
1499
930
1190
1500
931
1191
1501
932
1192
1502
933
1193
1503
934
1194
1504
935
1195
1505
936
1196
1506
937
1197
1507
938
1198
1508
939
1199
1509
940
1200
1510
941
1201
1511
942
1202
1512
943
1203
1513
944
1204
1514
945
1205
1515
946
1206
1516
947
1207
1517
948
1208
1518
949
1209
1519
950
1210
1520
951
1211
1521
952
1212
1522
953
1213
1523
954
1214
1524
955
1215
1525
956
1216
1526
957
1217
1527
958
1218
1528
959
1219
1529
960
1220
1275
961
1221
1276
962
1222
1277
963
1223
1278
964
1224
1279
965
1225
1280
966
1226
1281
967
1227
1282
968
1228
1283
969
1229
1284
970
1230
1285
971
1231
1286
972
1232
1287
973
1233
1288
974
1234
1289
975
1235
1290
976
1236
1291
977
1237
1292
978
1238
1293
979
1239
1294
980
1240
1295
981
1241
1296
982
1242
1297
983
1243
1298
984
1244
1299
985
1245
1300
986
1246
1301
987
1247
1302
988
1248
1303
989
1249
1304
990
1250
1305
991
1251
1306
992
1252
1307
993
1253
1308
994
1254
1309
995
1255
1310
996
1256
1311
997
1257
1312
998
1258
1313
999
1259
1314
1000
1260
1315
1001
1261
1316
1002
1262
1317
1003
1263
1318
1004
1264
1319
1005
1265
1320
1006
1266
1321
1007
1267
1322
1008
1268
1323
1009
1269
1324
1010
1270
1325
1011
1271
1326
1012
1272
1327
1013
1273
1328
1014
1274
1329
1015
1020
1330
1016
1021
1331
1017
1022
1332
1018
1023
1333
1019
1024
1334
765
1025
1335
766
1026
1336
767
1027
1337
768
1028
1338
769
1029
1339
770
1030
1340
771
1031
1341
772
1032
1342
773
1033
1343
774
1034
1344
775
1035
1345
776
1036
1346
777
1037
1347
778
1038
1348
779
1039
1349
780
1040
1350
781
1041
1351
782
1042
1352
783
1043
1353
784
1044
1354
785
1045
1355
786
1046
1356
787
1047
1357
788
1048
1358
789
1049
1359
790
1050
1360
791
1051
1361
792
1052
1362
793
1053
1363
794
1054
1364
795
1055
1365
796
1056
1366
797
1057
1367
798
1058
1368
799
1059
1369
800
1060
1370
801
1061
1371
802
1062
1372
803
1063
1373
804
1064
1374
805
1065
1375
806
1066
1376
807
1067
1377
808
1068
1378
809
1069
1379
810
1070
1380
811
1071
1381
812
1072
1382
813
1073
1383
814
1074
1384
815
1075
1385
816
1076
1386
817
1077
1387
818
1078
1388
819
1079
1389
820
1080
1390
821
1081
1391
822
1082
1392
823
1083
1393
824
1084
1394
825
1085
1395
826
1086
1396
827
1087
1397
828
1088
1398
829
1089
1399
830
1090
1400
831
1091
1401
832
1092
1402
833
1093
1403
834
1094
1404
835
1095
1405
836
1096
1406
837
1097
1407
838
1098
1408
839
1099
1409
840
1100
1410
841
1101
1411
842
1102
1412
843
1103
1413
844
1104
1414
845
1105
1415
846
1106
1416
847
1107
1417
848
1108
1418
849
1109
1419
850
1110
1420
851
1111
1421
852
1112
1422
853
1113
1423
854
1114
1424
855
1115
1425
856
1116
1426
857
1117
1427
858
1118
1428
859
1119
1429
860
1120
1430
1116
1306
1686
1117
1307
1687
1118
1308
1688
1119
1309
1689
1120
1310
1690
1121
1311
1691
1122
1312
1692
1123
1313
1693
1124
1314
1694
1125
1315
1695
1126
1316
1696
1127
1317
1697
1128
1318
1698
1129
1319
1699
1130
1320
1700
1131
1321
1701
1132
1322
1702
1133
1323
1703
1134
1324
1704
1135
1325
1705
1136
1326
1706
1137
1327
1707
1138
1328
1708
1139
1329
1709
1140
1330
1710
1141
1331
1711
1142
1332
1712
1143
1333
1713
1144
1334
1714
1145
1335
1715
1146
1336
1716
1147
1337
1717
1148
1338
1718
1149
1339
1719
1150
1340
1720
1151
1341
1721
1152
1342
1722
1153
1343
1723
1154
1344
1724
1155
1345
1725
1156
1346
1726
1157
1347
1727
1158
1348
1728
1159
1349
1729
1160
1350
1730
1161
1351
1731
1162
1352
1732
1163
1353
1733
1164
1354
1734
1165
1355
1735
1166
1356
1736
1167
1357
1737
1168
1358
1738
1169
1359
1739
1170
1360
1740
1171
1361
1741
1172
1362
1742
1173
1363
1743
1174
1364
1744
1175
1365
1745
1176
1366
1746
1177
1367
1747
1178
1368
1748
1179
1369
1749
1180
1370
1750
1181
1371
1751
1182
1372
1752
1183
1373
1753
1184
1374
1754
1185
1375
1755
1186
1376
1756
1187
1377
1757
1188
1378
1758
1189
1379
1759
1190
1380
1760
1191
1381
1761
1192
1382
1762
1193
1383
1763
1194
1384
1764
1195
1385
1765
1196
1386
1766
1197
1387
1767
1198
1388
1768
1199
1389
1769
1200
1390
1770
1201
1391
1771
1202
1392
1772
1203
1393
1773
1204
1394
1774
1205
1395
1775
1206
1396
1776
1207
1397
1777
1208
1398
1778
1209
1399
1779
1210
1400
1780
1211
1401
1781
1212
1402
1782
1213
1403
1783
1214
1404
1784
1215
1405
1530
1216
1406
1531
1217
1407
1532
1218
1408
1533
1219
1409
1534
1220
1410
1535
1221
1411
1536
1222
1412
1537
1223
1413
1538
1224
1414
1539
1225
1415
1540
1226
1416
1541
1227
1417
1542
1228
1418
1543
1229
1419
1544
1230
1420
1545
1231
1421
1546
1232
1422
1547
1233
1423
1548
1234
1424
1549
1235
1425
1550
1236
1426
1551
1237
1427
1552
1238
1428
1553
1239
1429
1554
1240
1430
1555
1241
1431
1556
1242
1432
1557
1243
1433
1558
1244
1434
1559
1245
1435
1560
1246
1436
1561
1247
1437
1562
1248
1438
1563
1249
1439
1564
1250
1440
1565
1251
1441
1566
1252
1442
1567
1253
1443
1568
1254
1444
1569
1255
1445
1570
1256
1446
1571
1257
1447
1572
1258
1448
1573
1259
1449
1574
1260
1450
1575
1261
1451
1576
1262
1452
1577
1263
1453
1578
1264
1454
1579
1265
1455
1580
1266
1456
1581
1267
1457
1582
1268
1458
1583
1269
1459
1584
1270
1460
1585
1271
1461
1586
1272
1462
1587
1273
1463
1588
1274
1464
1589
1020
1465
1590
1021
1466
1591
1022
1467
1592
1023
1468
1593
1024
1469
1594
1025
1470
1595
1026
1471
1596
1027
1472
1597
1028
1473
1598
1029
1474
1599
1030
1475
1600
1031
1476
1601
1032
1477
1602
1033
1478
1603
1034
1479
1604
1035
1480
1605
1036
1481
1606
1037
1482
1607
1038
1483
1608
1039
1484
1609
1040
1485
1610
1041
1486
1611
1042
1487
1612
1043
1488
1613
1044
1489
1614
1045
1490
1615
1046
1491
1616
1047
1492
1617
1048
1493
1618
1049
1494
1619
1050
1495
1620
1051
1496
1621
1052
1497
1622
1053
1498
1623
1054
1499
1624
1055
1500
1625
1056
1501
1626
1057
1502
1627
1058
1503
1628
1059
1504
1629
1060
1505
1630
1061
1506
1631
1062
1507
1632
1063
1508
1633
1064
1509
1634
1065
1510
1635
1066
1511
1636
1067
1512
1637
1068
1513
1638
1069
1514
1639
1070
1515
1640
1071
1516
1641
1072
1517
1642
1073
1518
1643
1074
1519
1644
1075
1520
1645
1076
1521
1646
1077
1522
1647
1078
1523
1648
1079
1524
1649
1080
1525
1650
1081
1526
1651
1082
1527
1652
1083
1528
1653
1084
1529
1654
1085
1275
1655
1086
1276
1656
1087
1277
1657
1088
1278
1658
1089
1279
1659
1090
1280
1660
1091
1281
1661
1092
1282
1662
1093
1283
1663
1094
1284
1664
1095
1285
1665
1096
1286
1666
1097
1287
1667
1098
1288
1668
1099
1289
1669
1100
1290
1670
1101
1291
1671
1102
1292
1672
1103
1293
1673
1104
1294
1674
1105
1295
1675
1106
1296
1676
1107
1297
1677
1108
1298
1678
1109
1299
1679
1110
1300
1680
1111
1301
1681
1112
1302
1682
1113
1303
1683
1114
1304
1684
1115
1305
1685
1371
1631
1840
1372
1632
1841
1373
1633
1842
1374
1634
1843
1375
1635
1844
1376
1636
1845
1377
1637
1846
1378
1638
1847
1379
1639
1848
1380
1640
1849
1381
1641
1850
1382
1642
1851
1383
1643
1852
1384
1644
1853
1385
1645
1854
1386
1646
1855
1387
1647
1856
1388
1648
1857
1389
1649
1858
1390
1650
1859
1391
1651
1860
1392
1652
1861
1393
1653
1862
1394
1654
1863
1395
1655
1864
1396
1656
1865
1397
1657
1866
1398
1658
1867
1399
1659
1868
1400
1660
1869
1401
1661
1870
1402
1662
1871
1403
1663
1872
1404
1664
1873
1405
1665
1874
1406
1666
1875
1407
1667
1876
1408
1668
1877
1409
1669
1878
1410
1670
1879
1411
1671
1880
1412
1672
1881
1413
1673
1882
1414
1674
1883
1415
1675
1884
1416
1676
1885
1417
1677
1886
1418
1678
1887
1419
1679
1888
1420
1680
1889
1421
1681
1890
1422
1682
1891
1423
1683
1892
1424
1684
1893
1425
1685
1894
1426
1686
1895
1427
1687
1896
1428
1688
1897
1429
1689
1898
1430
1690
1899
1431
1691
1900
1432
1692
1901
1433
1693
1902
1434
1694
1903
1435
1695
1904
1436
1696
1905
1437
1697
1906
1438
1698
1907
1439
1699
1908
1440
1700
1909
1441
1701
1910
1442
1702
1911
1443
1703
1912
1444
1704
1913
1445
1705
1914
1446
1706
1915
1447
1707
1916
1448
1708
1917
1449
1709
1918
1450
1710
1919
1451
1711
1920
1452
1712
1921
1453
1713
1922
1454
1714
1923
1455
1715
1924
1456
1716
1925
1457
1717
1926
1458
1718
1927
1459
1719
1928
1460
1720
1929
1461
1721
1930
1462
1722
1931
1463
1723
1932
1464
1724
1933
1465
1725
1934
1466
1726
1935
1467
1727
1936
1468
1728
1937
1469
1729
1938
1470
1730
1939
1471
1731
1940
1472
1732
1941
1473
1733
1942
1474
1734
1943
1475
1735
1944
1476
1736
1945
1477
1737
1946
1478
1738
1947
1479
1739
1948
1480
1740
1949
1481
1741
1950
1482
1742
1951
1483
1743
1952
1484
1744
1953
1485
1745
1954
1486
1746
1955
1487
1747
1956
1488
1748
1957
1489
1749
1958
1490
1750
1959
1491
1751
1960
1492
1752
1961
1493
1753
1962
1494
1754
1963
1495
1755
1964
1496
1756
1965
1497
1757
1966
1498
1758
1967
1499
1759
1968
1500
1760
1969
1501
1761
1970
1502
1762
1971
1503
1763
1972
1504
1764
1973
1505
1765
1974
1506
1766
1975
1507
1767
1976
1508
1768
1977
1509
1769
1978
1510
1770
1979
1511
1771
1980
1512
1772
1981
1513
1773
1982
1514
1774
1983
1515
1775
1984
1516
1776
1985
1517
1777
1986
1518
1778
1987
1519
1779
1988
1520
1780
1989
1521
1781
1990
1522
1782
1991
1523
1783
1992
1524
1784
1993
1525
1530
1994
1526
1531
1995
1527
1532
1996
1528
1533
1997
1529
1534
1998
1275
1535
1999
1276
1536
2000
1277
1537
2001
1278
1538
2002
1279
1539
2003
1280
1540
2004
1281
1541
2005
1282
1542
2006
1283
1543
2007
1284
1544
2008
1285
1545
2009
1286
1546
2010
1287
1547
2011
1288
1548
2012
1289
1549
2013
1290
1550
2014
1291
1551
2015
1292
1552
2016
1293
1553
2017
1294
1554
2018
1295
1555
2019
1296
1556
2020
1297
1557
2021
1298
1558
2022
1299
1559
2023
1300
1560
2024
1301
1561
2025
1302
1562
2026
1303
1563
2027
1304
1564
2028
1305
1565
2029
1306
1566
2030
1307
1567
2031
1308
1568
2032
1309
1569
2033
1310
1570
2034
1311
1571
2035
1312
1572
2036
1313
1573
2037
1314
1574
2038
1315
1575
2039
1316
1576
1785
1317
1577
1786
1318
1578
1787
1319
1579
1788
1320
1580
1789
1321
1581
1790
1322
1582
1791
1323
1583
1792
1324
1584
1793
1325
1585
1794
1326
1586
1795
1327
1587
1796
1328
1588
1797
1329
1589
1798
1330
1590
1799
1331
1591
1800
1332
1592
1801
1333
1593
1802
1334
1594
1803
1335
1595
1804
1336
1596
1805
1337
1597
1806
1338
1598
1807
1339
1599
1808
1340
1600
1809
1341
1601
1810
1342
1602
1811
1343
1603
1812
1344
1604
1813
1345
1605
1814
1346
1606
1815
1347
1607
1816
1348
1608
1817
1349
1609
1818
1350
1610
1819
1351
1611
1820
1352
1612
1821
1353
1613
1822
1354
1614
1823
1355
1615
1824
1356
1616
1825
1357
1617
1826
1358
1618
1827
1359
1619
1828
1360
1620
1829
1361
1621
1830
1362
1622
1831
1363
1623
1832
1364
1624
1833
1365
1625
1834
1366
1626
1835
1367
1627
1836
1368
1628
1837
1369
1629
1838
1370
1630
1839
1626
1886
2095
1627
1887
2096
1628
1888
2097
1629
1889
2098
1630
1890
2099
1631
1891
2100
1632
1892
2101
1633
1893
2102
1634
1894
2103
1635
1895
2104
1636
1896
2105
1637
1897
2106
1638
1898
2107
1639
1899
2108
1640
1900
2109
1641
1901
2110
1642
1902
2111
1643
1903
2112
1644
1904
2113
1645
1905
2114
1646
1906
2115
1647
1907
2116
1648
1908
2117
1649
1909
2118
1650
1910
2119
1651
1911
2120
1652
1912
2121
1653
1913
2122
1654
1914
2123
1655
1915
2124
1656
1916
2125
1657
1917
2126
1658
1918
2127
1659
1919
2128
1660
1920
2129
1661
1921
2130
1662
1922
2131
1663
1923
2132
1664
1924
2133
1665
1925
2134
1666
1926
2135
1667
1927
2136
1668
1928
2137
1669
1929
2138
1670
1930
2139
1671
1931
2140
1672
1932
2141
1673
1933
2142
1674
1934
2143
1675
1935
2144
1676
1936
2145
1677
1937
2146
1678
1938
2147
1679
1939
2148
1680
1940
2149
1681
1941
2150
1682
1942
2151
1683
1943
2152
1684
1944
2153
1685
1945
2154
1686
1946
2155
1687
1947
2156
1688
1948
2157
1689
1949
2158
1690
1950
2159
1691
1951
2160
1692
1952
2161
1693
1953
2162
1694
1954
2163
1695
1955
2164
1696
1956
2165
1697
1957
2166
1698
1958
2167
1699
1959
2168
1700
1960
2169
1701
1961
2170
1702
1962
2171
1703
1963
2172
1704
1964
2173
1705
1965
2174
1706
1966
2175
1707
1967
2176
1708
1968
2177
1709
1969
2178
1710
1970
2179
1711
1971
2180
1712
1972
2181
1713
1973
2182
1714
1974
2183
1715
1975
2184
1716
1976
2185
1717
1977
2186
1718
1978
2187
1719
1979
2188
1720
1980
2189
1721
1981
2190
1722
1982
2191
1723
1983
2192
1724
1984
2193
1725
1985
2194
1726
1986
2195
1727
1987
2196
1728
1988
2197
1729
1989
2198
1730
1990
2199
1731
1991
2200
1732
1992
2201
1733
1993
2202
1734
1994
2203
1735
1995
2204
1736
1996
2205
1737
1997
2206
1738
1998
2207
1739
1999
2208
1740
2000
2209
1741
2001
2210
1742
2002
2211
1743
2003
2212
1744
2004
2213
1745
2005
2214
1746
2006
2215
1747
2007
2216
1748
2008
2217
1749
2009
2218
1750
2010
2219
1751
2011
2220
1752
2012
2221
1753
2013
2222
1754
2014
2223
1755
2015
2224
1756
2016
2225
1757
2017
2226
1758
2018
2227
1759
2019
2228
1760
2020
2229
1761
2021
2230
1762
2022
2231
1763
2023
2232
1764
2024
2233
1765
2025
2234
1766
2026
2235
1767
2027
2236
1768
2028
2237
1769
2029
2238
1770
2030
2239
1771
2031
2240
1772
2032
2241
1773
2033
2242
1774
2034
2243
1775
2035
2244
1776
2036
2245
1777
2037
2246
1778
2038
2247
1779
2039
2248
1780
1785
2249
1781
1786
2250
1782
1787
2251
1783
1788
2252
1784
1789
2253
1530
1790
2254
1531
1791
2255
1532
1792
2256
1533
1793
2257
1534
1794
2258
1535
1795
2259
1536
1796
2260
1537
1797
2261
1538
1798
2262
1539
1799
2263
1540
1800
2264
1541
1801
2265
1542
1802
2266
1543
1803
2267
1544
1804
2268
1545
1805
2269
1546
1806
2270
1547
1807
2271
1548
1808
2272
1549
1809
2273
1550
1810
2274
1551
1811
2275
1552
1812
2276
1553
1813
2277
1554
1814
2278
1555
1815
2279
1556
1816
2280
1557
1817
2281
1558
1818
2282
1559
1819
2283
1560
1820
2284
1561
1821
2285
1562
1822
2286
1563
1823
2287
1564
1824
2288
1565
1825
2289
1566
1826
2290
1567
1827
2291
1568
1828
2292
1569
1829
2293
1570
1830
2294
1571
1831
2040
1572
1832
2041
1573
1833
2042
1574
1834
2043
1575
1835
2044
1576
1836
2045
1577
1837
2046
1578
1838
2047
1579
1839
2048
1580
1840
2049
1581
1841
2050
1582
1842
2051
1583
1843
2052
1584
1844
2053
1585
1845
2054
1586
1846
2055
1587
1847
2056
1588
1848
2057
1589
1849
2058
1590
1850
2059
1591
1851
2060
1592
1852
2061
1593
1853
2062
1594
1854
2063
1595
1855
2064
1596
1856
2065
1597
1857
2066
1598
1858
2067
1599
1859
2068
1600
1860
2069
1601
1861
2070
1602
1862
2071
1603
1863
2072
1604
1864
2073
1605
1865
2074
1606
1866
2075
1607
1867
2076
1608
1868
2077
1609
1869
2078
1610
1870
2079
1611
1871
2080
1612
1872
2081
1613
1873
2082
1614
1874
2083
1615
1875
2084
1616
1876
2085
1617
1877
2086
1618
1878
2087
1619
1879
2088
1620
1880
2089
1621
1881
2090
1622
1882
2091
1623
1883
2092
1624
1884
2093
1625
1885
2094
1881
2141
2350
1882
2142
2351
1883
2143
2352
1884
2144
2353
1885
2145
2354
1886
2146
2355
1887
2147
2356
1888
2148
2357
1889
2149
2358
1890
2150
2359
1891
2151
2360
1892
2152
2361
1893
2153
2362
1894
2154
2363
1895
2155
2364
1896
2156
2365
1897
2157
2366
1898
2158
2367
1899
2159
2368
1900
2160
2369
1901
2161
2370
1902
2162
2371
1903
2163
2372
1904
2164
2373
1905
2165
2374
1906
2166
2375
1907
2167
2376
1908
2168
2377
1909
2169
2378
1910
2170
2379
1911
2171
2380
1912
2172
2381
1913
2173
2382
1914
2174
2383
1915
2175
2384
1916
2176
2385
1917
2177
2386
1918
2178
2387
1919
2179
2388
1920
2180
2389
1921
2181
2390
1922
2182
2391
1923
2183
2392
1924
2184
2393
1925
2185
2394
1926
2186
2395
1927
2187
2396
1928
2188
2397
1929
2189
2398
1930
2190
2399
1931
2191
2400
1932
2192
2401
1933
2193
2402
1934
2194
2403
1935
2195
2404
1936
2196
2405
1937
2197
2406
1938
2198
2407
1939
2199
2408
1940
2200
2409
1941
2201
2410
1942
2202
2411
1943
2203
2412
1944
2204
2413
1945
2205
2414
1946
2206
2415
1947
2207
2416
1948
2208
2417
1949
2209
2418
1950
2210
2419
1951
2211
2420
1952
2212
2421
1953
2213
2422
1954
2214
2423
1955
2215
2424
1956
2216
2425
1957
2217
2426
1958
2218
2427
1959
2219
2428
1960
2220
2429
1961
2221
2430
1962
2222
2431
1963
2223
2432
1964
2224
2433
1965
2225
2434
1966
2226
2435
1967
2227
2436
1968
2228
2437
1969
2229
2438
1970
2230
2439
1971
2231
2440
1972
2232
2441
1973
2233
2442
1974
2234
2443
1975
2235
2444
1976
2236
2445
1977
2237
2446
1978
2238
2447
1979
2239
2448
1980
2240
2449
1981
2241
2450
1982
2242
2451
1983
2243
2452
1984
2244
2453
1985
2245
2454
1986
2246
2455
1987
2247
2456
1988
2248
2457
1989
2249
2458
1990
2250
2459
1991
2251
2460
1992
2252
2461
1993
2253
2462
1994
2254
2463
1995
2255
2464
1996
2256
2465
1997
2257
2466
1998
2258
2467
1999
2259
2468
2000
2260
2469
2001
2261
2470
2002
2262
2471
2003
2263
2472
2004
2264
2473
2005
2265
2474
2006
2266
2475
2007
2267
2476
2008
2268
2477
2009
2269
2478
2010
2270
2479
2011
2271
2480
2012
2272
2481
2013
2273
2482
2014
2274
2483
2015
2275
2484
2016
2276
2485
2017
2277
2486
2018
2278
2487
2019
2279
2488
2020
2280
2489
2021
2281
2490
2022
2282
2491
2023
2283
2492
2024
2284
2493
2025
2285
2494
2026
2286
2495
2027
2287
2496
2028
2288
2497
2029
2289
2498
2030
2290
2499
2031
2291
2500
2032
2292
2501
2033
2293
2502
2034
2294
2503
2035
2040
2504
2036
2041
2505
2037
2042
2506
2038
2043
2507
2039
2044
2508
1785
2045
2509
1786
2046
2510
1787
2047
2511
1788
2048
2512
1789
2049
2513
1790
2050
2514
1791
2051
2515
1792
2052
2516
1793
2053
2517
1794
2054
2518
1795
2055
2519
1796
2056
2520
1797
2057
2521
1798
2058
2522
1799
2059
2523
1800
2060
2524
1801
2061
2525
1802
2062
2526
1803
2063
2527
1804
2064
2528
1805
2065
2529
1806
2066
2530
1807
2067
2531
1808
2068
2532
1809
2069
2533
1810
2070
2534
1811
2071
2535
1812
2072
2536
1813
2073
2537
1814
2074
2538
1815
2075
2539
1816
2076
2540
1817
2077
2541
1818
2078
2542
1819
2079
2543
1820
2080
2544
1821
2081
2545
1822
2082
2546
1823
2083
2547
1824
2084
2548
1825
2085
2549
1826
2086
2295
1827
2087
2296
1828
2088
2297
1829
2089
2298
1830
2090
2299
1831
2091
2300
1832
2092
2301
1833
2093
2302
1834
2094
2303
1835
2095
2304
1836
2096
2305
1837
2097
2306
1838
2098
2307
1839
2099
2308
1840
2100
2309
1841
2101
2310
1842
2102
2311
1843
2103
2312
1844
2104
2313
1845
2105
2314
1846
2106
2315
1847
2107
2316
1848
2108
2317
1849
2109
2318
1850
2110
2319
1851
2111
2320
1852
2112
2321
1853
2113
2322
1854
2114
2323
1855
2115
2324
1856
2116
2325
1857
2117
2326
1858
2118
2327
1859
2119
2328
1860
2120
2329
1861
2121
2330
1862
2122
2331
1863
2123
2332
1864
2124
2333
1865
2125
2334
1866
2126
2335
1867
2127
2336
1868
2128
2337
1869
2129
2338
1870
2130
2339
1871
2131
2340
1872
2132
2341
1873
2133
2342
1874
2134
2343
1875
2135
2344
1876
2136
2345
1877
2137
2346
1878
2138
2347
1879
2139
2348
1880
2140
2349
156
2136
2396
157
2137
2397
158
2138
2398
159
2139
2399
160
2140
2400
161
2141
2401
162
2142
2402
163
2143
2403
164
2144
2404
165
2145
2405
166
2146
2406
167
2147
2407
168
2148
2408
169
2149
2409
170
2150
2410
171
2151
2411
172
2152
2412
173
2153
2413
174
2154
2414
175
2155
2415
176
2156
2416
177
2157
2417
178
2158
2418
179
2159
2419
180
2160
2420
181
2161
2421
182
2162
2422
183
2163
2423
184
2164
2424
185
2165
2425
186
2166
2426
187
2167
2427
188
2168
2428
189
2169
2429
190
2170
2430
191
2171
2431
192
2172
2432
193
2173
2433
194
2174
2434
195
2175
2435
196
2176
2436
197
2177
2437
198
2178
2438
199
2179
2439
200
2180
2440
201
2181
2441
202
2182
2442
203
2183
2443
204
2184
2444
205
2185
2445
206
2186
2446
207
2187
2447
208
2188
2448
209
2189
2449
210
2190
2450
211
2191
2451
212
2192
2452
213
2193
2453
214
2194
2454
215
2195
2455
216
2196
2456
217
2197
2457
218
2198
2458
219
2199
2459
220
2200
2460
221
2201
2461
222
2202
2462
223
2203
2463
224
2204
2464
225
2205
2465
226
2206
2466
227
2207
2467
228
2208
2468
229
2209
2469
230
2210
2470
231
2211
2471
232
2212
2472
233
2213
2473
234
2214
2474
235
2215
2475
236
2216
2476
237
2217
2477
238
2218
2478
239
2219
2479
240
2220
2480
241
2221
2481
242
2222
2482
243
2223
2483
244
2224
2484
245
2225
2485
246
2226
2486
247
2227
2487
248
2228
2488
249
2229
2489
250
2230
2490
251
2231
2491
252
2232
2492
253
2233
2493
254
2234
2494
0
2235
2495
1
2236
2496
2
2237
2497
3
2238
2498
4
2239
2499
5
2240
2500
6
2241
2501
7
2242
2502
8
2243
2503
9
2244
2504
10
2245
2505
11
2246
2506
12
2247
2507
13
2248
2508
14
2249
2509
15
2250
2510
16
2251
2511
17
2252
2512
18
2253
2513
19
2254
2514
20
2255
2515
21
2256
2516
22
2257
2517
23
2258
2518
24
2259
2519
25
2260
2520
26
2261
2521
27
2262
2522
28
2263
2523
29
2264
2524
30
2265
2525
31
2266
2526
32
2267
2527
33
2268
2528
34
2269
2529
35
2270
2530
36
2271
2531
37
2272
2532
38
2273
2533
39
2274
2534
40
2275
2535
41
2276
2536
42
2277
2537
43
2278
2538
44
2279
2539
45
2280
2540
46
2281
2541
47
2282
2542
48
2283
2543
49
2284
2544
50
2285
2545
51
2286
2546
52
2287
2547
53
2288
2548
54
2289
2549
55
2290
2295
56
2291
2296
57
2292
2297
58
2293
2298
59
2294
2299
60
2040
2300
61
2041
2301
62
2042
2302
63
2043
2303
64
2044
2304
65
2045
2305
66
2046
2306
67
2047
2307
68
2048
2308
69
2049
2309
70
2050
2310
71
2051
2311
72
2052
2312
73
2053
2313
74
2054
2314
75
2055
2315
76
2056
2316
77
2057
2317
78
2058
2318
79
2059
2319
80
2060
2320
81
2061
2321
82
2062
2322
83
2063
2323
84
2064
2324
85
2065
2325
86
2066
2326
87
2067
2327
88
2068
2328
89
2069
2329
90
2070
2330
91
2071
2331
92
2072
2332
93
2073
2333
94
2074
2334
95
2075
2335
96
2076
2336
97
2077
2337
98
2078
2338
99
2079
2339
100
2080
2340
101
2081
2341
102
2082
2342
103
2083
2343
104
2084
2344
105
2085
2345
106
2086
2346
107
2087
2347
108
2088
2348
109
2089
2349
110
2090
2350
111
2091
2351
112
2092
2352
113
2093
2353
114
2094
2354
115
2095
2355
116
2096
2356
117
2097
2357
118
2098
2358
119
2099
2359
120
2100
2360
121
2101
2361
122
2102
2362
123
2103
2363
124
2104
2364
125
2105
2365
126
2106
2366
127
2107
2367
128
2108
2368
129
2109
2369
130
2110
2370
131
2111
2371
132
2112
2372
133
2113
2373
134
2114
2374
135
2115
2375
136
2116
2376
137
2117
2377
138
2118
2378
139
2119
2379
140
2120
2380
141
2121
2381
142
2122
2382
143
2123
2383
144
2124
2384
145
2125
2385
146
2126
2386
147
2127
2387
148
2128
2388
149
2129
2389
150
2130
2390
151
2131
2391
152
2132
2392
153
2133
2393
154
2134
2394
155
2135
2395
31
411
2391
32
412
2392
33
413
2393
34
414
2394
35
415
2395
36
416
2396
37
417
2397
38
418
2398
39
419
2399
40
420
2400
41
421
2401
42
422
2402
43
423
2403
44
424
2404
45
425
2405
46
426
2406
47
427
2407
48
428
2408
49
429
2409
50
430
2410
51
431
2411
52
432
2412
53
433
2413
54
434
2414
55
435
2415
56
436
2416
57
437
2417
58
438
2418
59
439
2419
60
440
2420
61
441
2421
62
442
2422
63
443
2423
64
444
2424
65
445
2425
66
446
2426
67
447
2427
68
448
2428
69
449
2429
70
450
2430
71
451
2431
72
452
2432
73
453
2433
74
454
2434
75
455
2435
76
456
2436
77
457
2437
78
458
2438
79
459
2439
80
460
2440
81
461
2441
82
462
2442
83
463
2443
84
464
2444
85
465
2445
86
466
2446
87
467
2447
88
468
2448
89
469
2449
90
470
2450
91
471
2451
92
472
2452
93
473
2453
94
474
2454
95
475
2455
96
476
2456
97
477
2457
98
478
2458
99
479
2459
100
480
2460
101
481
2461
102
482
2462
103
483
2463
104
484
2464
105
485
2465
106
486
2466
107
487
2467
108
488
2468
109
489
2469
110
490
2470
111
491
2471
112
492
2472
113
493
2473
114
494
2474
115
495
2475
116
496
2476
117
497
2477
118
498
2478
119
499
2479
120
500
2480
121
501
2481
122
502
2482
123
503
2483
124
504
2484
125
505
2485
126
506
2486
127
507
2487
128
508
2488
129
509
2489
130
255
2490
131
256
2491
132
257
2492
133
258
2493
134
259
2494
135
260
2495
136
261
2496
137
262
2497
138
263
2498
139
264
2499
140
265
2500
141
266
2501
142
267
2502
143
268
2503
144
269
2504
145
270
2505
146
271
2506
147
272
2507
148
273
2508
149
274
2509
150
275
2510
151
276
2511
152
277
2512
153
278
2513
154
279
2514
155
280
2515
156
281
2516
157
282
2517
158
283
2518
159
284
2519
160
285
2520
161
286
2521
162
287
2522
163
288
2523
164
289
2524
165
290
2525
166
291
2526
167
292
2527
168
293
2528
169
294
2529
170
295
2530
171
296
2531
172
297
2532
173
298
2533
174
299
2534
175
300
2535
176
301
2536
177
302
2537
178
303
2538
179
304
2539
180
305
2540
181
306
2541
182
307
2542
183
308
2543
184
309
2544
185
310
2545
186
311
2546
187
312
2547
188
313
2548
189
314
2549
190
315
2295
191
316
2296
192
317
2297
193
318
2298
194
319
2299
195
320
2300
196
321
2301
197
322
2302
198
323
2303
199
324
2304
200
325
2305
201
326
2306
202
327
2307
203
328
2308
204
329
2309
205
330
2310
206
331
2311
207
332
2312
208
333
2313
209
334
2314
210
335
2315
211
336
2316
212
337
2317
213
338
2318
214
339
2319
215
340
2320
216
341
2321
217
342
2322
218
343
2323
219
344
2324
220
345
2325
221
346
2326
222
347
2327
223
348
2328
224
349
2329
225
350
2330
226
351
2331
227
352
2332
228
353
2333
229
354
2334
230
355
2335
231
356
2336
232
357
2337
233
358
2338
234
359
2339
235
360
2340
236
361
2341
237
362
2342
238
363
2343
239
364
2344
240
365
2345
241
366
2346
242
367
2347
243
368
2348
244
369
2349
245
370
2350
246
371
2351
247
372
2352
248
373
2353
249
374
2354
250
375
2355
251
376
2356
252
377
2357
253
378
2358
254
379
2359
0
380
2360
1
381
2361
2
382
2362
3
383
2363
4
384
2364
5
385
2365
6
386
2366
7
387
2367
8
388
2368
9
389
2369
10
390
2370
11
391
2371
12
392
2372
13
393
2373
14
394
2374
15
395
2375
16
396
2376
17
397
2377
18
398
2378
19
399
2379
20
400
2380
21
401
2381
22
402
2382
23
403
2383
24
404
2384
25
405
2385
26
406
2386
27
407
2387
28
408
2388
29
409
2389
30
410
2390
