2 
268 
304 
314 
574 
602 
3 
269 
305 
315 
575 
603 
4 
270 
306 
316 
576 
604 
5 
271 
307 
317 
577 
605 
6 
272 
308 
318 
578 
606 
7 
273 
309 
319 
579 
607 
8 
274 
279 
320 
580 
608 
9 
275 
280 
321 
581 
609 
10 
276 
281 
322 
582 
610 
11 
277 
282 
323 
583 
611 
12 
278 
283 
324 
584 
612 
13 
248 
284 
325 
585 
613 
14 
249 
285 
326 
586 
614 
15 
250 
286 
327 
587 
615 
16 
251 
287 
328 
588 
616 
17 
252 
288 
329 
558 
617 
18 
253 
289 
330 
559 
618 
19 
254 
290 
331 
560 
619 
20 
255 
291 
332 
561 
589 
21 
256 
292 
333 
562 
590 
22 
257 
293 
334 
563 
591 
23 
258 
294 
335 
564 
592 
24 
259 
295 
336 
565 
593 
25 
260 
296 
337 
566 
594 
26 
261 
297 
338 
567 
595 
27 
262 
298 
339 
568 
596 
28 
263 
299 
340 
569 
597 
29 
264 
300 
310 
570 
598 
30 
265 
301 
311 
571 
599 
0 
266 
302 
312 
572 
600 
1 
267 
303 
313 
573 
601 
23 
33 
299 
335 
345 
605 
24 
34 
300 
336 
346 
606 
25 
35 
301 
337 
347 
607 
26 
36 
302 
338 
348 
608 
27 
37 
303 
339 
349 
609 
28 
38 
304 
340 
350 
610 
29 
39 
305 
310 
351 
611 
30 
40 
306 
311 
352 
612 
0 
41 
307 
312 
353 
613 
1 
42 
308 
313 
354 
614 
2 
43 
309 
314 
355 
615 
3 
44 
279 
315 
356 
616 
4 
45 
280 
316 
357 
617 
5 
46 
281 
317 
358 
618 
6 
47 
282 
318 
359 
619 
7 
48 
283 
319 
360 
589 
8 
49 
284 
320 
361 
590 
9 
50 
285 
321 
362 
591 
10 
51 
286 
322 
363 
592 
11 
52 
287 
323 
364 
593 
12 
53 
288 
324 
365 
594 
13 
54 
289 
325 
366 
595 
14 
55 
290 
326 
367 
596 
15 
56 
291 
327 
368 
597 
16 
57 
292 
328 
369 
598 
17 
58 
293 
329 
370 
599 
18 
59 
294 
330 
371 
600 
19 
60 
295 
331 
341 
601 
20 
61 
296 
332 
342 
602 
21 
31 
297 
333 
343 
603 
22 
32 
298 
334 
344 
604 
11 
54 
64 
330 
366 
376 
12 
55 
65 
331 
367 
377 
13 
56 
66 
332 
368 
378 
14 
57 
67 
333 
369 
379 
15 
58 
68 
334 
370 
380 
16 
59 
69 
335 
371 
381 
17 
60 
70 
336 
341 
382 
18 
61 
71 
337 
342 
383 
19 
31 
72 
338 
343 
384 
20 
32 
73 
339 
344 
385 
21 
33 
74 
340 
345 
386 
22 
34 
75 
310 
346 
387 
23 
35 
76 
311 
347 
388 
24 
36 
77 
312 
348 
389 
25 
37 
78 
313 
349 
390 
26 
38 
79 
314 
350 
391 
27 
39 
80 
315 
351 
392 
28 
40 
81 
316 
352 
393 
29 
41 
82 
317 
353 
394 
30 
42 
83 
318 
354 
395 
0 
43 
84 
319 
355 
396 
1 
44 
85 
320 
356 
397 
2 
45 
86 
321 
357 
398 
3 
46 
87 
322 
358 
399 
4 
47 
88 
323 
359 
400 
5 
48 
89 
324 
360 
401 
6 
49 
90 
325 
361 
402 
7 
50 
91 
326 
362 
372 
8 
51 
92 
327 
363 
373 
9 
52 
62 
328 
364 
374 
10 
53 
63 
329 
365 
375 
42 
85 
95 
361 
397 
407 
43 
86 
96 
362 
398 
408 
44 
87 
97 
363 
399 
409 
45 
88 
98 
364 
400 
410 
46 
89 
99 
365 
401 
411 
47 
90 
100 
366 
402 
412 
48 
91 
101 
367 
372 
413 
49 
92 
102 
368 
373 
414 
50 
62 
103 
369 
374 
415 
51 
63 
104 
370 
375 
416 
52 
64 
105 
371 
376 
417 
53 
65 
106 
341 
377 
418 
54 
66 
107 
342 
378 
419 
55 
67 
108 
343 
379 
420 
56 
68 
109 
344 
380 
421 
57 
69 
110 
345 
381 
422 
58 
70 
111 
346 
382 
423 
59 
71 
112 
347 
383 
424 
60 
72 
113 
348 
384 
425 
61 
73 
114 
349 
385 
426 
31 
74 
115 
350 
386 
427 
32 
75 
116 
351 
387 
428 
33 
76 
117 
352 
388 
429 
34 
77 
118 
353 
389 
430 
35 
78 
119 
354 
390 
431 
36 
79 
120 
355 
391 
432 
37 
80 
121 
356 
392 
433 
38 
81 
122 
357 
393 
403 
39 
82 
123 
358 
394 
404 
40 
83 
93 
359 
395 
405 
41 
84 
94 
360 
396 
406 
73 
116 
126 
392 
428 
438 
74 
117 
127 
393 
429 
439 
75 
118 
128 
394 
430 
440 
76 
119 
129 
395 
431 
441 
77 
120 
130 
396 
432 
442 
78 
121 
131 
397 
433 
443 
79 
122 
132 
398 
403 
444 
80 
123 
133 
399 
404 
445 
81 
93 
134 
400 
405 
446 
82 
94 
135 
401 
406 
447 
83 
95 
136 
402 
407 
448 
84 
96 
137 
372 
408 
449 
85 
97 
138 
373 
409 
450 
86 
98 
139 
374 
410 
451 
87 
99 
140 
375 
411 
452 
88 
100 
141 
376 
412 
453 
89 
101 
142 
377 
413 
454 
90 
102 
143 
378 
414 
455 
91 
103 
144 
379 
415 
456 
92 
104 
145 
380 
416 
457 
62 
105 
146 
381 
417 
458 
63 
106 
147 
382 
418 
459 
64 
107 
148 
383 
419 
460 
65 
108 
149 
384 
420 
461 
66 
109 
150 
385 
421 
462 
67 
110 
151 
386 
422 
463 
68 
111 
152 
387 
423 
464 
69 
112 
153 
388 
424 
434 
70 
113 
154 
389 
425 
435 
71 
114 
124 
390 
426 
436 
72 
115 
125 
391 
427 
437 
113 
149 
157 
419 
447 
469 
114 
150 
158 
420 
448 
470 
115 
151 
159 
421 
449 
471 
116 
152 
160 
422 
450 
472 
117 
153 
161 
423 
451 
473 
118 
154 
162 
424 
452 
474 
119 
124 
163 
425 
453 
475 
120 
125 
164 
426 
454 
476 
121 
126 
165 
427 
455 
477 
122 
127 
166 
428 
456 
478 
123 
128 
167 
429 
457 
479 
93 
129 
168 
430 
458 
480 
94 
130 
169 
431 
459 
481 
95 
131 
170 
432 
460 
482 
96 
132 
171 
433 
461 
483 
97 
133 
172 
403 
462 
484 
98 
134 
173 
404 
463 
485 
99 
135 
174 
405 
464 
486 
100 
136 
175 
406 
434 
487 
101 
137 
176 
407 
435 
488 
102 
138 
177 
408 
436 
489 
103 
139 
178 
409 
437 
490 
104 
140 
179 
410 
438 
491 
105 
141 
180 
411 
439 
492 
106 
142 
181 
412 
440 
493 
107 
143 
182 
413 
441 
494 
108 
144 
183 
414 
442 
495 
109 
145 
184 
415 
443 
465 
110 
146 
185 
416 
444 
466 
111 
147 
155 
417 
445 
467 
112 
148 
156 
418 
446 
468 
144 
178 
188 
450 
490 
500 
145 
179 
189 
451 
491 
501 
146 
180 
190 
452 
492 
502 
147 
181 
191 
453 
493 
503 
148 
182 
192 
454 
494 
504 
149 
183 
193 
455 
495 
505 
150 
184 
194 
456 
465 
506 
151 
185 
195 
457 
466 
507 
152 
155 
196 
458 
467 
508 
153 
156 
197 
459 
468 
509 
154 
157 
198 
460 
469 
510 
124 
158 
199 
461 
470 
511 
125 
159 
200 
462 
471 
512 
126 
160 
201 
463 
472 
513 
127 
161 
202 
464 
473 
514 
128 
162 
203 
434 
474 
515 
129 
163 
204 
435 
475 
516 
130 
164 
205 
436 
476 
517 
131 
165 
206 
437 
477 
518 
132 
166 
207 
438 
478 
519 
133 
167 
208 
439 
479 
520 
134 
168 
209 
440 
480 
521 
135 
169 
210 
441 
481 
522 
136 
170 
211 
442 
482 
523 
137 
171 
212 
443 
483 
524 
138 
172 
213 
444 
484 
525 
139 
173 
214 
445 
485 
526 
140 
174 
215 
446 
486 
496 
141 
175 
216 
447 
487 
497 
142 
176 
186 
448 
488 
498 
143 
177 
187 
449 
489 
499 
166 
209 
219 
485 
521 
531 
167 
210 
220 
486 
522 
532 
168 
211 
221 
487 
523 
533 
169 
212 
222 
488 
524 
534 
170 
213 
223 
489 
525 
535 
171 
214 
224 
490 
526 
536 
172 
215 
225 
491 
496 
537 
173 
216 
226 
492 
497 
538 
174 
186 
227 
493 
498 
539 
175 
187 
228 
494 
499 
540 
176 
188 
229 
495 
500 
541 
177 
189 
230 
465 
501 
542 
178 
190 
231 
466 
502 
543 
179 
191 
232 
467 
503 
544 
180 
192 
233 
468 
504 
545 
181 
193 
234 
469 
505 
546 
182 
194 
235 
470 
506 
547 
183 
195 
236 
471 
507 
548 
184 
196 
237 
472 
508 
549 
185 
197 
238 
473 
509 
550 
155 
198 
239 
474 
510 
551 
156 
199 
240 
475 
511 
552 
157 
200 
241 
476 
512 
553 
158 
201 
242 
477 
513 
554 
159 
202 
243 
478 
514 
555 
160 
203 
244 
479 
515 
556 
161 
204 
245 
480 
516 
557 
162 
205 
246 
481 
517 
527 
163 
206 
247 
482 
518 
528 
164 
207 
217 
483 
519 
529 
165 
208 
218 
484 
520 
530 
197 
240 
250 
516 
552 
562 
198 
241 
251 
517 
553 
563 
199 
242 
252 
518 
554 
564 
200 
243 
253 
519 
555 
565 
201 
244 
254 
520 
556 
566 
202 
245 
255 
521 
557 
567 
203 
246 
256 
522 
527 
568 
204 
247 
257 
523 
528 
569 
205 
217 
258 
524 
529 
570 
206 
218 
259 
525 
530 
571 
207 
219 
260 
526 
531 
572 
208 
220 
261 
496 
532 
573 
209 
221 
262 
497 
533 
574 
210 
222 
263 
498 
534 
575 
211 
223 
264 
499 
535 
576 
212 
224 
265 
500 
536 
577 
213 
225 
266 
501 
537 
578 
214 
226 
267 
502 
538 
579 
215 
227 
268 
503 
539 
580 
216 
228 
269 
504 
540 
581 
186 
229 
270 
505 
541 
582 
187 
230 
271 
506 
542 
583 
188 
231 
272 
507 
543 
584 
189 
232 
273 
508 
544 
585 
190 
233 
274 
509 
545 
586 
191 
234 
275 
510 
546 
587 
192 
235 
276 
511 
547 
588 
193 
236 
277 
512 
548 
558 
194 
237 
278 
513 
549 
559 
195 
238 
248 
514 
550 
560 
196 
239 
249 
515 
551 
561 
228 
271 
281 
547 
583 
593 
229 
272 
282 
548 
584 
594 
230 
273 
283 
549 
585 
595 
231 
274 
284 
550 
586 
596 
232 
275 
285 
551 
587 
597 
233 
276 
286 
552 
588 
598 
234 
277 
287 
553 
558 
599 
235 
278 
288 
554 
559 
600 
236 
248 
289 
555 
560 
601 
237 
249 
290 
556 
561 
602 
238 
250 
291 
557 
562 
603 
239 
251 
292 
527 
563 
604 
240 
252 
293 
528 
564 
605 
241 
253 
294 
529 
565 
606 
242 
254 
295 
530 
566 
607 
243 
255 
296 
531 
567 
608 
244 
256 
297 
532 
568 
609 
245 
257 
298 
533 
569 
610 
246 
258 
299 
534 
570 
611 
247 
259 
300 
535 
571 
612 
217 
260 
301 
536 
572 
613 
218 
261 
302 
537 
573 
614 
219 
262 
303 
538 
574 
615 
220 
263 
304 
539 
575 
616 
221 
264 
305 
540 
576 
617 
222 
265 
306 
541 
577 
618 
223 
266 
307 
542 
578 
619 
224 
267 
308 
543 
579 
589 
225 
268 
309 
544 
580 
590 
226 
269 
279 
545 
581 
591 
227 
270 
280 
546 
582 
592 
