68
39
25
50
89
43
48
39
0
69
85
40
127
23
25
29
122
65
86
58
78
95
102
104
1
32
45
38
19
71
86
112
28
20
17
106
65
56
36
46
2
42
45
9
94
27
97
85
50
69
90
6
44
37
58
77
116
115
35
91
83
16
116
100
115
70
8
85
67
20
68
50
76
6
52
13
11
94
8
57
71
65
25
65
99
123
3
75
0
77
68
35
102
127
0
107
116
99
41
93
60
6
121
2
95
28
13
108
125
60
74
58
103
71
122
53
10
80
110
121
8
10
64
55
58
62
35
111
28
63
86
80
90
7
97
109
126
97
24
104
57
28
0
103
90
114
50
126
25
64
5
7
127
121
57
89
88
115
37
83
81
9
55
54
38
18
6
100
77
98
55
105
103
33
25
109
115
122
26
43
46
51
83
52
30
26
109
45
18
106
127
75
0
95
95
23
60
42
29
124
48
72
113
77
64
121
96
5
85
42
107
15
122
98
106
30
55
115
107
35
90
21
78
8
50
127
124
88
41
9
113
6
0
108
70
109
51
80
38
30
44
104
77
86
60
68
86
45
9
41
54
63
19
118
48
69
21
34
12
82
28
73
105
112
32
72
59
97
36
97
91
43
1
127
34
60
101
35
93
71
67
4
40
124
111
76
58
33
57
46
39
51
6
6
94
103
10
76
91
63
12
85
13
96
22
77
118
70
23
58
66
12
22
98
65
25
26
26
113
0
25
21
73
31
62
118
21
69
104
33
19
114
38
89
78
48
34
23
82
126
57
119
69
120
68
102
18
124
78
120
98
56
112
2
113
34
115
100
12
34
17
7
63
30
77
94
34
106
54
78
0
33
80
91
66
67
123
37
103
89
29
81
14
53
93
35
55
77
88
30
3
122
88
49
42
54
124
58
88
64
118
45
24
97
94
54
40
52
109
5
69
126
70
11
41
40
61
88
117
23
47
44
102
45
113
36
81
78
12
87
11
74
81
117
52
28
30
20
78
16
8
23
122
34
67
114
100
6
107
117
117
42
90
109
12
16
107
36
39
18
115
7
52
17
4
110
22
20
19
118
34
97
42
37
110
102
85
110
2
89
43
63
110
68
95
9
1
118
36
43
127
69
93
93
2
118
99
107
33
37
50
64
53
63
104
38
110
106
75
60
48
22
17
15
50
109
50
117
26
101
69
45
103
24
59
119
95
115
109
99
5
74
82
89
91
115
50
88
40
86
67
117
15
99
79
23
47
114
108
68
94
122
64
98
1
54
39
59
53
121
13
95
87
121
45
91
8
9
70
37
113
106
85
50
51
33
106
86
118
100
124
114
109
96
54
41
55
69
71
127
81
43
67
100
127
48
59
120
86
124
84
46
77
20
13
115
7
59
15
65
118
49
74
109
9
1
106
114
19
52
63
95
87
90
30
106
90
10
126
71
112
123
51
50
34
111
66
55
94
108
8
114
12
3
91
119
67
55
104
55
25
70
70
123
104
32
113
57
86
17
69
2
25
125
17
41
111
53
60
3
109
44
71
83
5
97
30
34
42
62
53
111
108
94
91
121
110
111
119
27
36
51
34
44
35
102
35
15
10
41
113
118
123
18
36
2
11
70
35
18
37
91
118
77
56
85
61
94
11
6
44
126
18
15
42
111
56
102
82
27
111
22
25
61
76
32
44
113
29
20
40
15
57
59
116
124
102
64
28
43
46
8
123
49
67
111
8
106
124
117
104
62
21
80
32
9
118
4
109
28
95
108
116
43
28
16
60
103
121
86
54
57
81
73
14
97
23
69
50
124
83
7
42
49
123
110
101
19
103
42
119
124
18
102
44
48
37
84
18
111
81
86
61
95
94
54
92
102
100
71
111
79
57
73
63
38
59
9
99
121
107
87
76
33
124
40
14
55
117
0
101
43
116
22
31
78
103
91
50
69
52
47
65
26
97
23
105
5
113
19
100
25
97
83
94
80
117
123
66
40
10
27
25
71
95
100
118
95
76
114
100
61
42
79
125
105
23
87
25
108
9
32
111
98
29
82
7
0
44
68
122
11
76
88
48
65
101
5
59
109
23
119
33
108
11
51
60
16
15
88
23
2
88
50
97
56
96
61
77
122
93
120
10
4
42
71
98
50
113
73
105
25
126
73
12
14
79
70
48
106
31
118
12
106
76
40
64
86
79
20
72
12
29
94
21
21
70
125
8
32
5
107
78
86
46
58
81
108
123
94
31
44
103
65
45
16
97
54
53
105
90
66
104
113
50
5
101
17
21
57
117
45
21
65
95
37
79
102
83
12
11
104
33
109
65
104
116
38
38
105
46
120
56
56
87
75
68
94
75
6
29
90
70
117
41
75
41
52
19
71
98
82
42
94
95
1
89
95
1
31
121
7
1
23
74
74
70
14
56
21
54
8
117
75
40
64
89
21
9
48
13
66
102
2
104
119
58
50
20
111
118
12
25
75
17
85
125
123
29
54
2
114
56
20
76
0
18
8
1
5
43
81
19
67
18
83
74
18
28
108
87
61
25
66
104
126
54
54
95
13
86
107
95
46
90
78
5
27
85
72
59
23
53
108
119
96
62
11
117
66
84
83
44
91
24
93
39
38
95
118
45
46
37
58
95
17
32
18
66
26
88
60
100
94
58
121
60
36
78
99
43
6
50
44
20
78
68
15
68
93
22
0
43
42
125
108
98
70
37
126
61
113
61
57
53
10
9
43
13
9
27
110
40
44
106
104
52
16
63
84
8
6
5
10
127
93
20
124
50
72
107
104
5
24
6
87
5
95
106
40
90
73
77
38
99
105
18
111
111
126
100
0
97
33
105
45
120
17
122
14
90
10
66
75
18
17
62
124
20
4
41
37
121
41
56
27
23
7
6
93
101
79
13
17
58
119
126
111
111
121
56
58
69
7
110
120
63
63
33
78
48
120
22
72
106
42
89
65
29
126
67
26
55
42
77
81
50
92
104
80
6
65
94
99
27
44
26
8
17
22
34
6
111
116
41
25
115
25
69
101
77
121
9
98
117
29
73
43
15
53
64
51
1
79
118
79
111
45
70
102
28
122
61
114
76
14
88
80
19
101
3
34
16
36
27
73
2
50
101
40
36
107
4
90
32
69
82
42
4
44
80
108
109
94
100
26
69
67
29
17
27
100
55
47
81
30
77
104
102
111
83
40
30
68
112
55
103
24
66
35
77
44
73
33
65
35
44
96
82
77
123
123
114
8
106
87
9
54
12
117
106
48
111
52
56
34
63
11
95
112
53
33
8
114
48
92
88
28
107
116
70
103
28
61
62
32
18
104
71
123
19
31
123
96
55
75
67
42
34
27
12
120
32
16
91
113
76
102
66
20
12
6
2
15
51
105
112
46
25
30
111
122
7
88
104
84
34
67
51
16
79
64
121
2
63
65
87
126
107
45
45
98
41
5
23
98
76
118
35
66
26
29
4
125
103
75
109
71
114
72
112
31
56
101
71
49
79
115
73
6
82
113
101
54
38
70
63
20
32
114
120
66
123
71
92
63
71
65
42
93
45
40
50
3
106
127
92
100
29
59
66
105
89
7
12
104
17
77
2
108
66
60
25
115
127
85
78
99
97
43
82
73
14
121
38
14
109
49
75
77
62
29
46
72
90
88
49
126
104
60
20
92
5
92
93
21
27
43
81
70
49
32
16
36
7
98
47
86
9
107
21
100
44
92
124
24
71
113
92
44
75
71
104
71
117
101
37
86
30
56
91
98
125
121
29
98
15
71
34
114
77
9
122
43
87
0
29
22
82
72
38
89
119
90
76
10
43
65
101
62
94
85
68
106
117
117
0
58
29
70
59
21
106
118
21
64
65
56
111
18
41
7
113
125
124
95
4
70
114
101
43
127
30
12
24
56
75
19
115
49
8
121
36
121
1
83
36
14
127
9
33
92
39
55
96
86
34
70
0
44
33
50
68
105
86
118
68
40
61
102
13
33
51
119
21
4
121
60
52
22
7
92
6
11
100
24
66
83
96
108
68
121
40
42
100
49
12
6
70
57
72
90
8
103
100
74
36
41
77
81
41
51
19
65
76
34
52
81
9
123
50
116
83
5
121
61
38
52
14
52
50
104
72
110
34
51
60
72
105
93
92
69
69
102
24
101
9
97
88
40
83
31
67
23
116
74
80
52
42
65
57
25
69
116
88
21
82
98
43
50
98
22
91
34
9
38
17
32
75
37
61
3
61
33
99
0
62
51
4
127
39
7
100
15
77
19
13
18
83
17
36
90
14
88
31
119
90
76
71
13
60
90
107
77
14
17
55
69
7
11
43
68
0
97
40
54
54
127
104
6
29
35
68
75
78
41
36
10
26
87
96
74
3
52
114
46
73
6
14
6
10
54
62
39
91
18
71
57
102
125
123
99
42
71
103
96
21
62
80
96
52
6
102
100
112
94
13
117
29
70
0
31
36
87
18
108
57
83
79
69
23
125
104
101
5
35
71
101
9
70
83
8
90
96
107
38
98
12
106
29
115
26
14
65
13
99
52
47
110
41
13
21
59
94
1
89
79
103
109
85
76
22
40
66
126
45
58
63
28
46
56
79
72
83
92
10
28
75
47
124
37
19
40
115
121
66
51
42
31
111
93
123
21
35
67
57
38
61
109
121
4
42
122
120
18
97
117
122
32
36
85
5
123
63
60
27
99
74
92
3
41
97
46
3
79
47
108
9
43
76
60
1
58
19
6
35
42
109
54
74
23
56
79
65
53
76
64
118
7
65
82
4
127
64
61
36
81
102
34
54
25
6
23
48
67
63
25
6
73
7
108
0
72
18
40
95
126
107
5
78
14
96
59
122
72
87
85
78
65
38
25
46
4
96
108
5
41
114
42
36
122
30
74
4
41
62
10
9
105
3
65
108
96
22
68
64
77
93
41
65
19
9
72
9
75
38
126
90
101
94
14
80
96
117
19
15
112
13
0
104
115
53
72
65
29
105
8
47
106
76
1
56
104
19
123
12
69
102
84
81
82
68
47
18
61
118
51
116
106
112
21
43
87
28
38
52
127
92
34
88
67
85
5
112
45
121
91
44
76
85
81
122
97
83
42
56
87
73
106
8
24
62
40
106
52
7
72
9
48
0
58
32
16
38
37
127
125
114
91
103
12
84
120
45
1
29
7
122
91
3
118
84
72
37
15
80
110
105
39
29
104
97
107
75
76
96
87
64
83
86
98
95
81
9
119
83
89
39
98
83
67
94
29
58
26
61
17
3
16
14
16
54
78
65
127
112
63
18
56
61
79
75
93
123
104
118
26
122
85
75
126
28
61
87
84
110
92
84
43
117
46
100
1
60
18
70
110
125
52
75
12
37
6
67
19
109
22
44
124
118
16
69
26
109
54
45
17
37
0
105
3
13
36
76
16
60
94
99
107
46
43
87
72
5
62
81
8
55
40
97
0
78
30
44
94
100
74
1
117
50
8
50
15
13
53
80
19
72
18
125
125
97
38
78
84
57
13
65
25
122
62
82
3
28
106
9
63
124
8
51
44
49
76
120
60
6
9
84
3
127
108
91
50
42
58
101
48
5
94
66
107
61
17
96
59
12
89
115
52
119
117
57
41
89
70
106
56
19
36
115
92
73
105
15
10
115
59
72
55
84
71
10
111
2
91
74
69
45
124
126
27
5
69
81
74
91
63
112
45
119
17
102
94
58
89
2
81
123
25
47
80
86
89
5
101
31
17
4
40
21
36
77
32
6
52
19
122
45
34
116
