0.550669 
1.246496 
-1.962922 
0.383939 
1.008692 
0.354733 
-1.943002 
0.080915 
1.374750 
-1.184065 
2.050280 
0.461734 
2.258749 
-0.804660 
0.708509 
0.357657 
0.272272 
-0.560954 
1.823582 
-2.163814 
0.903239 
1.487111 
-0.611536 
2.012214 
0.364516 
0.999817 
-0.629716 
1.398552 
1.591994 
1.440379 
-1.018578 
-0.555378 
-3.267885 
-0.380985 
-1.026474 
-1.757775 
-1.040042 
-0.317071 
-0.948212 
-0.405726 
1.173454 
1.203977 
2.178830 
1.120045 
-2.717753 
0.387047 
-1.082924 
1.090310 
-2.355995 
-1.572438 
0.268934 
-2.237669 
1.118011 
-1.887809 
-3.043609 
0.903786 
2.046589 
-2.184174 
-1.534633 
-2.480367 
-1.257534 
1.251226 
-2.570416 
1.211518 
0.700482 
0.841357 
-1.439661 
1.514519 
1.022644 
-2.100665 
0.662300 
-0.643929 
-1.678559 
-1.580188 
0.294742 
1.729866 
-1.360765 
0.937180 
1.002233 
-0.481086 
0.722008 
-2.984250 
1.925850 
-1.853920 
-1.894037 
-2.458822 
-1.287364 
0.395339 
1.819465 
0.814088 
-1.355376 
-1.117381 
0.561926 
-0.890973 
0.070317 
1.517672 
1.251979 
-0.072861 
-0.282691 
-1.029107 
-0.077750 
0.703097 
1.469730 
-0.758903 
0.927461 
1.011641 
-0.291119 
0.726859 
-2.016108 
-2.094622 
-1.465985 
-1.711059 
0.059535 
0.468797 
1.513548 
0.292348 
0.849336 
-1.888887 
-1.493139 
-0.106384 
0.982597 
0.730271 
-0.113184 
0.768471 
0.307701 
1.447595 
-0.576076 
-2.294292 
1.147605 
0.749798 
1.328131 
-0.581652 
0.808029 
0.782525 
-1.621933 
-0.751203 
-1.688009 
-1.259864 
-1.137579 
0.627636 
0.511555 
-1.303107 
-0.769861 
-0.444736 
-0.403079 
-2.103859 
0.848398 
-0.371900 
1.688967 
0.398244 
2.016781 
1.584197 
0.776543 
0.316754 
0.291117 
0.990732 
0.224717 
-1.237820 
1.614999 
-0.647799 
0.657489 
-0.372902 
-0.495772 
1.305166 
-1.455014 
1.875773 
0.979933 
2.018411 
-1.489288 
-0.681732 
-0.278823 
1.365546 
-0.455165 
-0.563524 
-1.000621 
-0.520118 
-0.677718 
0.559461 
1.445566 
1.766183 
2.034694 
1.144052 
-0.559213 
0.917951 
-0.726650 
0.581573 
1.082469 
-0.907004 
-2.060793 
-0.086991 
0.189225 
-0.564267 
0.130227 
2.104688 
-1.177701 
-1.536135 
-0.656555 
0.549374 
0.906836 
-1.064285 
1.142954 
2.006994 
0.628464 
1.609458 
0.976093 
-0.869816 
0.810518 
-2.014034 
0.999465 
-2.172994 
1.672551 
-1.081997 
-0.030489 
0.103205 
-0.917079 
-0.312900 
-1.050790 
-1.386897 
-1.490701 
-1.547941 
-0.131078 
-0.661469 
-2.159928 
-0.422999 
-1.667089 
0.140841 
-0.367356 
-0.315918 
-0.111587 
0.257695 
-1.553553 
-1.460272 
0.133042 
0.327187 
1.037902 
-0.157003 
-1.221560 
1.270981 
-0.766532 
3.499313 
-1.946881 
1.202442 
-0.738695 
-1.719871 
-1.667484 
2.104338 
-0.748094 
1.038191 
1.682862 
1.749765 
-1.721300 
-1.555856 
0.939480 
1.170819 
-0.884899 
-1.906117 
-2.198402 
-2.272273 
0.785502 
2.222742 
-0.838993 
0.497034 
-1.312570 
-0.651728 
-1.918892 
2.049354 
-0.269776 
1.117648 
-1.061488 
-2.654835 
0.648233 
-1.342818 
0.142378 
0.792114 
-0.186455 
0.297050 
-1.966073 
-0.226385 
-0.859303 
0.997210 
1.557468 
1.054195 
0.854452 
-0.488350 
-0.129503 
-1.070419 
0.215523 
-1.315157 
-2.084147 
-0.593379 
1.605253 
-1.367718 
-0.985997 
-0.290333 
-0.952400 
1.538699 
0.959620 
-0.918032 
0.742058 
-1.563261 
-1.401741 
1.549666 
1.568304 
1.091007 
2.056019 
0.730872 
1.242837 
0.174656 
0.650949 
-1.806512 
-1.200800 
-1.730242 
0.869618 
-0.651965 
-1.089761 
0.734016 
-1.112543 
-1.102843 
-1.200714 
-1.211075 
0.188405 
-0.767226 
1.467577 
-0.202181 
-0.940270 
-1.646854 
0.441252 
0.318611 
-0.571426 
-1.249517 
2.113561 
0.891983 
0.936310 
-0.302090 
0.665936 
-2.360346 
1.299646 
1.157152 
-0.166617 
-2.433895 
1.731394 
0.743050 
-0.574781 
-0.567865 
-0.635917 
-1.119178 
-0.217199 
0.002223 
-0.698404 
0.924136 
-0.124177 
1.530791 
-1.360543 
1.325638 
1.757888 
-1.726825 
1.242456 
-1.097492 
-0.345313 
-1.688680 
0.751884 
1.809148 
0.906592 
-1.128822 
0.915413 
-0.204744 
-1.219041 
-1.681477 
-0.152383 
0.267148 
-0.767681 
0.627592 
-0.359814 
-0.085698 
-0.639506 
-1.240997 
-0.730805 
0.838716 
-0.802795 
0.949213 
-0.003964 
0.342487 
0.022054 
1.569876 
-2.045826 
-0.607938 
-0.358844 
0.385395 
-0.829321 
-1.981824 
-1.295971 
-0.719682 
0.987933 
2.378135 
1.136270 
0.368040 
-1.643548 
-1.010685 
0.854592 
0.440681 
0.026302 
-0.740824 
-1.063784 
1.912842 
0.424084 
0.867049 
1.015087 
1.146736 
1.086779 
0.953244 
1.708148 
1.627381 
1.060583 
-1.037195 
-0.406933 
-1.432339 
-0.577698 
1.505951 
-0.304311 
-0.955124 
1.144535 
0.956056 
1.141402 
-1.414733 
1.437697 
0.852075 
1.544392 
1.054709 
1.054139 
2.941067 
-1.092468 
0.770901 
1.069174 
1.699072 
0.683890 
0.291104 
-0.875545 
-1.369223 
0.456707 
0.063079 
1.546154 
1.286112 
0.445358 
-0.692406 
1.986518 
2.445831 
0.242870 
-1.831131 
0.271813 
1.627539 
1.063400 
0.695806 
1.140719 
1.170684 
-1.600652 
0.894918 
1.153477 
3.157150 
1.201023 
-0.266923 
0.768056 
-1.638945 
-2.647494 
-1.275937 
0.135810 
-0.603678 
-2.291379 
0.889012 
1.848255 
1.933929 
-1.172148 
0.366820 
-0.010531 
-1.484061 
1.865451 
-0.148755 
0.377880 
-0.215121 
-1.442191 
-0.295577 
-1.242417 
-3.073738 
-1.420788 
1.019181 
-2.170523 
-1.195736 
2.320860 
0.502687 
0.537378 
1.107654 
-1.532755 
-1.507119 
1.965967 
-1.779517 
0.696008 
1.488293 
1.044899 
-2.076628 
-1.720721 
-0.842050 
0.536156 
-0.836856 
0.696041 
-0.466428 
2.476672 
1.274116 
-1.094384 
-0.861227 
1.259645 
0.672679 
0.551396 
-1.493091 
-1.366373 
0.421377 
0.070650 
-0.846344 
0.874223 
-1.317843 
0.679760 
0.550739 
-0.224706 
-0.976841 
1.244922 
-1.356705 
0.518093 
-1.443709 
2.012844 
1.157896 
-1.014226 
-1.980890 
1.411675 
-0.007365 
-1.545740 
0.393286 
-1.128701 
-0.351247 
-0.987500 
0.643619 
-1.452555 
0.893868 
1.493478 
0.508465 
-1.247700 
-0.355909 
0.620261 
1.655281 
-2.735298 
0.859782 
1.745730 
-1.520416 
-0.812115 
0.884089 
0.800916 
1.483969 
1.128750 
-0.811853 
0.007660 
-0.124652 
0.439501 
-0.344534 
-1.247742 
-0.551592 
-0.607923 
-0.800672 
-0.969094 
-0.864842 
-0.888782 
0.894590 
-0.559201 
1.511404 
-0.783919 
-0.559894 
-0.061385 
1.164415 
1.345571 
-1.897013 
-1.746691 
-1.851280 
2.374649 
-0.364985 
0.785974 
-1.125163 
0.598553 
-0.806048 
1.663063 
-2.461953 
-0.296175 
-0.375464 
0.910854 
0.166368 
1.290372 
-0.940320 
-0.780958 
-2.115841 
-0.418019 
-2.462908 
-2.045562 
-0.995396 
-1.061151 
-0.933896 
-1.007522 
1.318760 
0.517643 
-1.212700 
-0.931652 
0.412853 
-2.152027 
0.649486 
0.279477 
-0.567685 
-0.392725 
-2.801745 
0.224714 
1.323877 
1.092625 
-1.890237 
-1.254238 
-1.556149 
0.461498 
-1.008726 
1.063576 
-1.104798 
0.674918 
0.657498 
-3.330572 
-1.952468 
0.084339 
-0.787800 
-1.876639 
0.203066 
0.826559 
1.982198 
1.979941 
-0.231645 
1.045047 
0.728876 
1.788766 
-1.308500 
2.068874 
0.975321 
-1.033406 
1.162395 
-1.216393 
-1.667316 
-0.062604 
1.592648 
-0.410800 
1.371852 
-0.777945 
0.334344 
-1.289423 
0.870276 
-3.786265 
-1.023082 
-0.010027 
-1.413065 
0.668120 
-2.155177 
-1.351469 
0.800956 
-0.439978 
-0.052253 
1.503682 
-0.238850 
0.599351 
-0.861573 
1.458391 
-0.294746 
0.858147 
3.569981 
1.502029 
-0.318677 
0.928309 
-0.876846 
0.155887 
2.135492 
-1.147404 
-0.719501 
-1.523519 
-1.146917 
1.227760 
1.791430 
1.100304 
1.579465 
-0.682613 
0.632647 
0.049946 
1.135056 
-0.267298 
-0.142439 
1.575270 
-2.397360 
0.110108 
1.709816 
-1.625078 
0.865356 
1.629444 
0.813509 
-1.140674 
0.504016 
-1.501625 
1.365139 
1.559191 
-0.133420 
-0.416434 
0.552571 
-2.049635 
-0.750326 
1.095227 
1.600966 
0.498668 
-1.459026 
0.421958 
-1.967116 
-1.450858 
-0.555101 
-1.579475 
2.080761 
0.298794 
1.015995 
0.829582 
-2.725030 
-1.823432 
1.351132 
-1.858615 
0.257023 
-2.763643 
0.304297 
-1.281674 
-0.415103 
2.196236 
1.686428 
-0.374686 
0.379738 
1.825169 
-0.822264 
-0.024868 
-1.126748 
-1.162868 
-2.135006 
0.754656 
0.528396 
-0.671581 
1.449922 
0.913879 
1.215745 
1.808230 
-0.019659 
-0.000053 
-0.414575 
1.223740 
1.675501 
0.411248 
0.110682 
-1.015124 
0.396438 
-1.355265 
-1.450995 
0.943505 
0.994277 
-1.592497 
2.079960 
0.405626 
1.828777 
0.671085 
-0.500731 
-1.199659 
1.404313 
2.098952 
-1.202915 
0.242187 
-0.090374 
-0.824366 
-1.647009 
-0.172703 
-0.597452 
-0.017571 
1.092583 
-1.480988 
0.590824 
-1.322330 
1.746514 
0.005792 
1.031410 
-1.266227 
1.205395 
-2.005058 
0.856490 
2.035083 
-1.499459 
-1.141059 
0.296735 
-0.539824 
0.616997 
-0.711129 
-1.851636 
-0.491412 
-2.781668 
-0.380621 
-0.087788 
-0.893524 
-1.768624 
-0.242249 
-1.000463 
2.014501 
-1.602171 
-0.346936 
-1.080427 
0.927141 
-0.996247 
1.833682 
1.230743 
0.408506 
-0.439575 
0.334961 
1.302389 
-0.419100 
0.952419 
0.721124 
-0.031949 
1.258347 
-2.016883 
0.953804 
1.643118 
-1.062918 
-0.663932 
1.210173 
-0.001637 
0.014860 
-0.006584 
1.230798 
1.020372 
-0.083214 
0.785574 
2.637659 
-1.902434 
-0.452471 
0.747357 
0.330119 
1.578010 
1.273925 
-0.983909 
-0.928252 
0.762127 
0.848496 
0.706772 
1.731359 
0.626174 
-1.259239 
-1.832740 
-2.275317 
-0.922715 
2.125976 
0.658273 
0.393863 
2.314446 
-0.332420 
-1.692859 
2.080987 
-0.095230 
2.575176 
1.135106 
2.170559 
-0.923724 
2.150442 
0.455931 
-0.396851 
1.030817 
-1.350326 
0.475918 
-0.015648 
0.975466 
-1.945901 
-1.084385 
-0.658331 
-0.081532 
-0.936890 
0.710459 
-0.707044 
1.467643 
1.581873 
-1.160426 
-2.461113 
-0.390143 
0.758695 
1.652054 
1.560601 
-2.709589 
1.947711 
-0.130146 
1.228511 
-0.157824 
0.824422 
0.889657 
-0.503136 
-1.799470 
1.948014 
-0.580679 
-1.118280 
-1.823901 
-0.693226 
0.355056 
-1.350455 
2.270140 
1.821651 
-1.728589 
1.496628 
1.365868 
0.587500 
-0.468689 
-1.473605 
-0.930246 
-1.985465 
0.576338 
-0.077506 
-0.085590 
-1.863315 
-1.452295 
-1.223928 
-0.014996 
-1.673820 
-1.367032 
-1.262858 
-1.662099 
1.737287 
-1.494504 
1.225038 
-1.877724 
-0.901754 
0.369161 
-1.200352 
0.458625 
-1.962955 
-0.929047 
1.347044 
-0.393725 
-0.175447 
1.174049 
-0.070352 
-0.855744 
-2.271491 
0.613319 
-0.096207 
2.334771 
-0.607266 
-1.306109 
0.501700 
-0.045128 
-2.540156 
0.313665 
0.772492 
-0.100511 
0.898008 
-0.561741 
0.694517 
2.297209 
1.887248 
0.212493 
-1.455180 
-0.053089 
-1.150420 
1.339603 
-0.327483 
1.386383 
0.668364 
-1.182558 
-1.701204 
-0.781554 
0.110238 
-1.477605 
0.725334 
1.020538 
-0.945477 
-1.790666 
1.860185 
0.917058 
2.275316 
-1.062636 
1.379008 
1.055047 
0.077596 
0.254879 
1.772378 
-0.958482 
-0.599371 
-0.023416 
0.169376 
0.037002 
2.200643 
0.365079 
-1.002085 
1.243661 
0.231473 
1.483137 
1.327926 
-1.038408 
-1.339078 
0.309456 
-0.713677 
1.138444 
-1.200512 
1.722799 
-1.675866 
0.674331 
-3.490235 
0.309536 
-1.176257 
-0.296960 
-1.543899 
0.362942 
-0.867807 
1.040940 
1.439987 
-1.151297 
-0.051370 
-0.646229 
-0.844382 
2.286638 
-0.662174 
-1.056633 
1.699732 
0.705776 
2.063966 
0.987508 
-1.388976 
-1.867556 
0.057170 
1.870332 
-1.459115 
-0.446467 
-1.865472 
-1.306544 
0.513388 
-0.364124 
-0.593495 
1.201560 
-1.600253 
0.957963 
-2.264371 
-2.625622 
1.297049 
-0.366634 
-1.225675 
0.832528 
-0.038332 
1.550302 
0.642153 
-1.523507 
-0.712887 
-1.397028 
0.474723 
-0.931287 
0.852660 
1.090420 
0.334469 
-1.398701 
0.040472 
-0.754361 
0.925132 
-1.091254 
-0.278018 
2.680306 
0.365536 
-0.815873 
-1.721405 
2.393428 
-1.753236 
-1.101717 
2.157162 
-1.251504 
-1.364278 
2.503124 
-0.767361 
-0.903784 
1.107010 
-2.133555 
0.686239 
1.883033 
-2.875681 
1.741065 
1.353424 
1.750866 
-0.620081 
1.816081 
1.721871 
-1.468033 
-0.570899 
-0.648061 
0.398359 
1.178668 
0.737494 
-1.452989 
-2.399084 
-1.256739 
-0.650209 
-0.653247 
1.187293 
-0.099452 
-0.722954 
1.315326 
-0.490009 
1.863178 
0.070109 
0.316302 
-1.923966 
1.215995 
1.626099 
0.332636 
-1.327022 
-1.322450 
0.852131 
-0.512619 
0.494142 
-0.290879 
0.527040 
0.679308 
-1.384960 
-1.197048 
-2.002492 
1.752315 
-2.897667 
0.296657 
-0.550035 
-0.314647 
1.202589 
-1.316712 
1.203427 
2.177395 
1.872623 
1.722493 
-0.846228 
-1.554624 
2.144580 
-2.183707 
2.010471 
-1.924043 
-1.955625 
1.891229 
0.579556 
-0.323591 
-2.359468 
1.026843 
1.007859 
1.634953 
-2.126424 
-1.959800 
0.865537 
1.635747 
-0.506994 
1.200873 
-1.427351 
0.141311 
-1.347970 
0.034647 
-0.364105 
-0.491015 
-0.509122 
2.083547 
0.529418 
-1.772634 
-0.789308 
0.950345 
1.892980 
1.849264 
1.029830 
2.090732 
-2.158841 
-0.768780 
1.786466 
-1.463698 
-1.548312 
-2.429627 
-0.628327 
1.480910 
0.510612 
1.398925 
1.198994 
-1.306059 
2.000310 
-0.440252 
1.449065 
1.800467 
0.653738 
-1.283517 
-0.564373 
-0.889331 
-0.446455 
1.304642 
-1.045461 
-1.626284 
0.199638 
0.230532 
0.931036 
-0.410411 
1.178557 
-0.133780 
0.174321 
-0.257436 
-0.578486 
0.410883 
