-0.734996 
-1.617258 
1.576182 
-0.419005 
-1.030839 
-1.193099 
-0.880911 
-0.515075 
-1.453948 
-1.417657 
-1.460427 
-2.385024 
-1.788877 
-1.132235 
-1.132709 
0.479964 
-2.718918 
0.005076 
-0.246523 
-1.264212 
-2.665963 
-0.666119 
-1.519740 
-1.398077 
-1.033865 
-0.923757 
-0.171110 
-0.301498 
-0.146766 
-1.653102 
-1.344521 
-1.840343 
0.382010 
-2.194797 
-1.181869 
-2.201767 
-0.364188 
-1.673095 
-1.180810 
-0.225942 
-1.669194 
-1.538654 
-1.979869 
-2.425115 
-2.264369 
-0.372123 
-1.504081 
-1.706293 
0.020212 
-1.696112 
0.386386 
-0.987431 
-0.704040 
-0.129841 
-1.439082 
-1.355907 
-1.847730 
-0.511849 
-1.322546 
-0.773899 
-0.843883 
0.432696 
-1.998046 
-0.280925 
-1.445840 
-1.410132 
-2.092348 
-1.201945 
-1.790655 
0.218898 
-0.831518 
-1.354936 
-3.083333 
-0.902908 
-0.071973 
-0.902074 
-2.273690 
-1.906260 
1.184739 
-1.393159 
-0.213919 
-2.060109 
-1.141527 
-2.226089 
-1.255181 
-0.736403 
-1.047462 
-0.065567 
-1.758758 
0.041804 
-1.572258 
-0.771925 
1.052575 
-1.419066 
-0.984089 
-1.600032 
-1.250840 
0.035131 
-1.509640 
-1.170712 
-1.776966 
-1.466799 
-0.568633 
-1.916035 
-2.390974 
-1.170618 
-0.674119 
-2.288454 
-2.765846 
-1.341874 
-1.014576 
-0.518068 
-1.666769 
0.283100 
0.080459 
-1.095164 
-0.287549 
-1.242554 
0.120949 
-0.952010 
-1.374997 
-1.534248 
0.453065 
-1.093115 
-2.641086 
-1.514032 
-2.069932 
-1.384544 
-1.025782 
-0.670815 
-0.580458 
-1.310156 
0.117184 
-0.846534 
-0.938030 
-0.476393 
0.274938 
-0.126792 
-0.217578 
-2.268675 
-1.765819 
-1.830639 
-0.994039 
-1.867612 
-1.321376 
-1.321080 
-1.503918 
-1.553676 
-0.055002 
0.405409 
-1.076389 
-1.437336 
-1.452821 
-0.012036 
-0.338115 
-1.464802 
-1.810281 
-0.661829 
-0.595407 
-1.665813 
-0.751561 
-2.355336 
-1.957920 
-1.349878 
-1.826353 
-1.529884 
-0.944261 
-0.572208 
-0.074600 
-1.116428 
1.369671 
-2.089971 
-0.619205 
-1.063648 
-1.369478 
-0.589807 
-0.126516 
-1.617409 
-0.411026 
-0.724389 
-1.520768 
-1.855116 
-0.464183 
-1.210965 
-2.017222 
-0.960865 
-1.316355 
-0.203002 
-2.554190 
-0.171415 
-1.076797 
-0.959167 
-1.909126 
-1.568048 
-1.787457 
-1.135987 
-1.891444 
-0.478446 
0.041570 
-1.261910 
0.432242 
-1.978287 
-0.572903 
-2.447445 
0.419813 
-0.515056 
-0.755629 
-0.563261 
-1.277636 
-1.555605 
0.038602 
-1.107368 
-0.112211 
-0.534279 
-1.642692 
-0.780235 
-0.492886 
-1.220081 
-1.108804 
-1.333499 
-0.857959 
-1.486971 
-1.955823 
-1.233689 
-1.578580 
-1.292882 
-1.588036 
0.352179 
-0.723087 
-0.647284 
-1.011256 
-1.094000 
-0.399388 
-1.670391 
-1.471310 
-2.549523 
0.522325 
-1.943212 
-0.665285 
-1.183951 
-2.722079 
-1.006222 
-1.457744 
-2.432256 
-2.920146 
0.330374 
-1.393104 
-1.143336 
0.450572 
-0.579168 
-0.011396 
-0.736604 
0.233434 
-1.391167 
-0.056866 
-1.719804 
-0.497041 
-0.178798 
-2.010881 
-0.975713 
-1.314833 
-2.101298 
-0.673710 
-2.210201 
-0.412505 
-0.970428 
-1.506102 
-0.425661 
-2.227443 
-0.497037 
-0.428173 
-1.803203 
-1.498378 
-0.501617 
-1.008994 
-1.166295 
-0.909190 
-1.850876 
-0.809707 
-2.392364 
-0.005781 
-1.757295 
-0.641928 
-0.896665 
0.114066 
-1.651656 
-1.665005 
0.177510 
-0.288231 
-1.586194 
-0.401908 
-1.971680 
-1.248766 
-2.346033 
-0.522416 
-0.321935 
-2.328807 
-0.149287 
-0.950235 
0.005348 
-1.021896 
-2.014191 
-1.086674 
-2.715137 
-1.609271 
-1.848046 
-1.263306 
0.217977 
-2.359087 
-0.196300 
-0.806959 
-0.459341 
-2.686449 
-0.878225 
-1.267564 
-2.169629 
-0.636351 
-1.476112 
-2.192102 
-1.029292 
-1.928587 
-1.650248 
-1.703432 
1.454548 
-0.559233 
-0.358061 
-0.995953 
-1.463822 
0.484548 
-0.304998 
-1.732239 
-1.863805 
-2.646373 
-2.971880 
-1.424501 
-1.728035 
-1.202003 
-2.107594 
-0.932578 
-1.702022 
-0.984513 
-2.085508 
-0.947934 
-1.744441 
-0.695071 
-1.770220 
-0.952392 
-1.368701 
-1.934456 
-1.384874 
-1.584368 
-1.868820 
-1.580231 
-1.718988 
-2.059563 
-1.367510 
-1.897576 
-0.302611 
-1.760282 
-0.111871 
-0.059152 
-1.056107 
0.588196 
-1.553169 
-2.259570 
-1.589598 
-3.707362 
-0.552100 
-1.741630 
-1.648874 
-0.814981 
0.020678 
-1.192548 
-0.707068 
-0.519293 
-0.890696 
-1.954426 
-1.718738 
-0.397769 
-1.248994 
-1.495167 
-1.631980 
-0.784434 
-0.682083 
0.978301 
-2.557448 
-1.129972 
-2.215110 
-1.400946 
-1.184105 
-0.746824 
0.739204 
-0.585335 
-1.243374 
-0.728974 
0.680755 
0.562121 
-1.473997 
-1.336900 
-0.083482 
-0.771485 
0.142836 
-0.642797 
-3.059530 
-0.937898 
-0.424771 
-1.354323 
-0.418766 
-2.091730 
-2.420569 
-0.271977 
-1.766478 
-0.599976 
-2.561427 
-0.701319 
1.188337 
1.054948 
-1.488019 
-0.880480 
-1.912001 
-0.831961 
-0.348964 
-1.956108 
1.080675 
-0.498605 
0.815394 
-0.577078 
-0.573815 
-0.624675 
0.876125 
-1.466521 
-1.153296 
-0.431636 
-2.607312 
-0.134250 
0.202551 
-0.230772 
-0.974665 
-0.277905 
-1.692260 
-0.339074 
-0.842000 
-0.852647 
-1.669124 
-2.190640 
-1.517833 
-0.760642 
-1.439502 
-0.999168 
-0.461354 
-1.108420 
-1.960702 
-1.723256 
-1.478782 
-1.137913 
-1.048415 
-0.006471 
-0.984994 
-0.133143 
0.480980 
-1.240759 
-0.492602 
-1.136181 
-0.698619 
-0.659375 
-0.007237 
-1.541682 
-2.270275 
-1.680824 
-0.932821 
-1.646800 
-1.694388 
-0.380100 
-2.616133 
-2.313051 
0.059870 
-0.252878 
-0.223709 
-1.188836 
0.227868 
-0.427755 
-1.070854 
-1.203932 
0.301569 
-0.199915 
-1.343967 
-1.246227 
-1.073191 
-0.533994 
-0.242663 
-0.631177 
-0.477529 
-1.008524 
0.348753 
-3.650076 
-1.928423 
-2.668075 
-2.249408 
-0.338980 
0.264877 
-1.272132 
-2.448010 
-0.873407 
-2.097097 
0.180690 
-2.512347 
0.053530 
-0.167051 
-0.537521 
-0.752396 
-1.079057 
-1.417634 
-0.900455 
-0.683182 
0.007252 
-1.549705 
-1.685398 
-1.762158 
-0.507848 
-1.475189 
-1.200960 
-0.600680 
-2.365649 
-0.926350 
-1.019922 
-1.823346 
-0.526191 
-0.919315 
-0.679907 
-1.595072 
-0.990785 
-0.679463 
-0.684073 
-1.087896 
-0.495102 
-1.065343 
-0.454519 
-0.471088 
-0.271076 
-2.425140 
-1.325415 
-1.803879 
-0.746620 
0.212722 
-0.672984 
-1.248120 
-1.841304 
-1.124555 
-0.430534 
-1.735131 
-0.537465 
-0.933171 
-2.021100 
0.095626 
-1.260802 
-1.223349 
-0.795021 
-0.029801 
0.081652 
-1.881833 
-0.246508 
-2.120336 
-1.375062 
0.074451 
-1.608577 
-1.407794 
-0.469567 
-0.113462 
-1.791200 
-0.439511 
0.548544 
-1.573758 
-0.996181 
-1.585285 
-0.881330 
-0.974735 
-0.765411 
-1.036818 
0.029525 
-0.891836 
-1.468990 
-0.970617 
-1.427434 
-0.394476 
-1.179479 
0.485747 
-0.227576 
-1.016945 
-1.923846 
-1.010572 
-1.069513 
-0.225227 
-1.212994 
-0.267759 
-3.403708 
-1.328951 
-0.963760 
-2.576151 
-1.225230 
-2.406730 
-0.726539 
-1.019366 
-0.396625 
-0.604271 
0.169637 
-0.644546 
-2.141685 
-1.077641 
-0.133972 
-0.686820 
-1.476938 
-0.922919 
-0.857954 
-1.702895 
-0.977467 
-0.823797 
-1.029097 
-0.784492 
0.162000 
0.965314 
-0.156325 
-0.718928 
-1.249395 
-0.293515 
-1.397297 
-0.902335 
-1.574431 
-2.113254 
-1.602128 
-0.830728 
1.287991 
-0.451366 
-1.616165 
-0.776102 
-0.865231 
0.602936 
-0.472874 
-1.276101 
-0.410645 
-0.647930 
-0.380055 
-1.483104 
-0.623733 
-0.812792 
-1.733723 
-0.684976 
0.549029 
-1.509077 
-0.680597 
-0.449765 
-0.777961 
-0.098875 
-0.289522 
-0.917906 
-1.372429 
-0.518918 
-1.750898 
-1.578862 
-1.591222 
-1.079484 
0.051190 
0.763680 
-2.041826 
-1.301704 
-0.707428 
-1.173167 
-0.890758 
-0.254732 
-0.693510 
-1.118755 
-0.931785 
-1.377092 
-1.395097 
-2.413174 
-2.043663 
-0.011370 
-1.822754 
-1.016721 
-0.150876 
-0.698494 
0.698894 
1.461450 
-1.801580 
0.737538 
-1.253014 
-0.245330 
-2.161717 
-0.830737 
-0.258661 
-1.085028 
-1.070306 
-0.198523 
-1.387180 
-0.176145 
-0.740256 
-1.474579 
-2.091973 
-1.702977 
-0.091560 
-1.044433 
-0.097469 
-0.474639 
-0.370565 
-0.954555 
-2.260610 
-1.676821 
-0.540351 
-0.975838 
-2.161373 
-1.156162 
-1.198166 
-0.743714 
-0.497357 
-1.607875 
-1.082450 
-1.691449 
-0.834189 
-0.394986 
-1.895346 
-1.094076 
-1.815178 
-0.150466 
-0.765320 
0.065866 
-0.681649 
-0.944675 
0.283947 
-0.830231 
-0.467502 
-1.766707 
-0.917365 
-1.601309 
-1.121979 
-0.863293 
-1.886495 
-0.406141 
-2.695333 
-1.828391 
-1.096926 
-1.007009 
-2.813534 
-1.022525 
-0.099300 
-0.473743 
-0.545493 
-0.796487 
-0.270849 
-0.628903 
-1.615713 
-1.981643 
-0.710539 
-1.795967 
-1.416535 
-1.743358 
-1.209638 
-1.308806 
-1.596668 
-1.994720 
-1.819031 
-0.762968 
-0.541669 
-1.148691 
-1.381831 
-1.060927 
-0.125503 
-1.698242 
-1.187592 
-1.874002 
-0.516459 
-0.648954 
-0.982889 
-0.876064 
-0.315392 
-0.782127 
-0.341728 
-1.788581 
-1.413364 
-1.577342 
-0.060677 
-0.860572 
-1.099841 
-1.336213 
-0.787884 
-1.369897 
-0.753555 
0.007330 
-1.518210 
-1.289120 
-0.326771 
-0.931297 
-2.091848 
-1.585814 
-1.195784 
-0.114374 
-1.145368 
0.254339 
-1.468495 
-2.285887 
-1.206722 
-1.440862 
0.336397 
-0.491178 
-0.865249 
-1.144884 
0.469591 
-0.799524 
0.323335 
-1.491683 
-1.990009 
-1.611360 
0.214729 
-0.950138 
-1.848694 
-1.039257 
-1.165559 
-0.980124 
-0.500653 
-3.457451 
-0.901339 
-1.298279 
-1.906623 
-0.465428 
-1.138658 
0.376798 
-0.937827 
-1.099953 
-0.738604 
-0.974002 
-1.009802 
-1.567562 
-0.863798 
-0.598026 
-0.267021 
0.600983 
-1.613230 
-0.927115 
0.326009 
0.373474 
-1.455915 
-0.325288 
-0.792154 
-1.586487 
0.000447 
-0.145890 
-0.655163 
-0.299719 
-2.285531 
-1.577369 
-1.666372 
-0.166964 
-1.111246 
0.127852 
-2.577393 
-1.239164 
-2.376924 
-0.133049 
-0.262487 
-0.535761 
-0.823688 
-1.148360 
-1.257715 
-1.257943 
0.635385 
-0.234159 
-1.199569 
-0.729595 
-0.824925 
-1.232622 
-1.446961 
-1.800120 
-1.411546 
0.509425 
-1.317297 
-0.741457 
-1.914043 
0.000511 
-0.712858 
-2.209642 
-1.114971 
-0.676609 
-0.803297 
-0.408829 
0.301601 
-0.757024 
-0.271816 
-1.987032 
-1.017269 
-0.436114 
-0.203422 
-1.462726 
-0.781722 
-2.477404 
-1.197915 
-1.053213 
-1.896638 
-0.631073 
-0.880454 
-1.868011 
-1.126528 
-1.027197 
-0.371114 
-0.661002 
-0.356367 
-0.101105 
-1.464689 
-0.801040 
-2.953430 
-0.921434 
-0.918697 
0.730875 
-1.886551 
-0.534181 
-2.576789 
-2.119257 
-0.954335 
-0.391308 
-0.714637 
-1.194396 
0.821598 
-1.596922 
-2.436514 
-0.927363 
0.031998 
-0.225999 
0.384491 
-0.791500 
-1.154873 
-0.553181 
-1.276765 
-0.509451 
-0.195202 
-1.268462 
-1.160685 
-0.644228 
-1.684471 
-0.485914 
-1.752139 
-0.956508 
-1.360701 
-1.446143 
-1.235917 
-1.539413 
-0.767982 
-1.606905 
-1.599850 
-1.696308 
-0.370288 
-0.616248 
-1.012430 
-0.730523 
-0.618852 
-1.147701 
-2.173624 
-2.109765 
0.171853 
-1.400718 
-1.435212 
0.079735 
-2.079193 
-1.513133 
-0.688511 
-0.856334 
-1.778433 
-2.633739 
-0.085484 
-0.735548 
-1.901585 
-2.540797 
-1.114503 
-2.308263 
-0.390173 
-1.839329 
-1.576247 
-1.908539 
0.870532 
-0.523300 
-0.907735 
0.056000 
-1.351960 
-1.695406 
-0.118201 
-1.386377 
-1.748610 
-0.819235 
-1.141344 
-1.415024 
-0.420699 
-2.468916 
-2.142109 
-0.210052 
-0.986522 
-0.172514 
-0.557674 
-0.984301 
-1.842715 
0.195892 
-1.193083 
-1.247271 
0.112575 
-1.813863 
-0.810865 
-0.537912 
0.099656 
-0.761680 
-0.909549 
-0.248365 
-3.071860 
-1.607576 
-0.942387 
-0.866623 
-2.733937 
-0.416043 
-0.969937 
-1.101065 
-0.558871 
-1.353869 
-0.814602 
-0.999722 
-0.616046 
-0.057742 
1.298782 
-2.417953 
-0.234514 
-1.118493 
-0.567656 
-1.872589 
-0.104239 
-2.072103 
-0.665448 
-1.081067 
-0.721874 
-0.724521 
0.955393 
-1.132071 
-0.260034 
-1.609818 
-1.586546 
-1.469271 
-0.884871 
-0.556008 
-2.557914 
-2.163034 
-1.686430 
-0.472608 
-1.846844 
-1.341646 
-0.836955 
-0.479428 
-0.449527 
-1.084466 
0.075826 
-1.396102 
-1.029888 
-0.885388 
-0.512276 
-2.211753 
-0.461805 
-1.781324 
0.761096 
-1.944887 
-0.710240 
-0.002371 
-1.532987 
-0.369410 
-1.350435 
-1.161556 
-0.727425 
-0.212114 
-2.297369 
0.362453 
-2.093000 
-0.668588 
0.095480 
0.368755 
-0.147371 
-0.148988 
0.140936 
-0.465672 
0.368902 
-1.767566 
-1.468615 
-1.530422 
-1.950021 
-0.793369 
-1.267946 
-1.668068 
-1.185560 
-1.552494 
-0.437138 
-1.699971 
-1.139817 
-2.067163 
-1.797279 
-1.388656 
-2.094232 
-0.985891 
-0.591692 
0.194706 
-1.091431 
-0.877150 
-2.041540 
-0.284164 
-0.373371 
-1.016624 
0.442942 
0.415191 
0.174500 
-1.227392 
0.114517 
1.097149 
-1.387167 
-0.161012 
-2.323080 
-0.893118 
-0.936579 
-0.302644 
-0.093312 
-0.844455 
-1.519538 
-0.551165 
-2.179627 
-0.224917 
-1.184913 
-0.695040 
-0.746464 
-1.300034 
-1.311406 
-1.137760 
-0.856732 
-2.581451 
-0.843609 
-0.520380 
-1.270163 
-1.756732 
-1.279143 
-1.195780 
-0.618273 
-0.112283 
-0.736325 
-0.033822 
-1.818936 
-1.207268 
0.063688 
-1.329181 
-1.160364 
-1.948520 
-1.417055 
0.399822 
-1.250334 
0.179792 
-0.922468 
-0.631626 
-1.101623 
-1.221494 
0.115773 
-2.447781 
-1.876181 
-2.031266 
-0.022763 
-0.514684 
-0.764254 
-1.489543 
-1.311628 
-2.240999 
-0.561315 
-1.699482 
-0.442833 
-0.105284 
-0.413511 
-0.658479 
-3.448939 
-1.043562 
-0.668146 
-2.001378 
-1.682132 
-0.873707 
-1.734249 
-2.107999 
-0.795967 
-3.260292 
-1.646459 
-1.372991 
-0.976578 
-1.072283 
-1.691493 
-2.292443 
-1.196701 
-1.796037 
-0.742076 
-1.648568 
-1.297560 
-1.589159 
-2.762157 
-2.671199 
-0.783176 
-0.882044 
-0.139887 
-0.915649 
-1.738301 
-0.637968 
-0.642957 
-0.981806 
-0.316134 
-0.761954 
-1.034753 
0.602164 
0.336106 
-1.775346 
-1.992103 
-0.444931 
-0.037013 
-0.280475 
0.095088 
-0.134162 
0.102485 
-1.838111 
-2.845830 
-0.902156 
-0.927103 
-0.711511 
-0.834802 
-1.402107 
-0.950997 
-1.198269 
-0.987365 
-0.217711 
-1.222031 
-1.301690 
-0.881478 
0.003372 
-1.044935 
-0.903082 
-0.205072 
-1.638985 
-1.766869 
-1.263416 
-1.777491 
-0.436417 
-1.785515 
-1.221431 
0.521439 
-2.121958 
-1.075712 
-0.219519 
-0.920022 
-0.416482 
-3.120334 
-2.716451 
-1.969461 
-1.367109 
-1.348680 
-1.801405 
-0.274067 
-0.574061 
-0.300907 
-0.204941 
-1.762148 
-0.306269 
-1.422455 
-2.222050 
-1.482386 
-0.177703 
-1.339519 
-0.434478 
-1.880413 
-0.336125 
-0.622733 
-2.578032 
-0.382223 
-0.332165 
-0.130847 
-0.861052 
-1.047084 
-0.409451 
-0.674658 
-2.403112 
-0.350828 
-0.131658 
-1.059631 
-1.504738 
-1.483541 
-0.999778 
0.010526 
0.739743 
-2.379261 
-0.931271 
-1.781601 
-0.249768 
-0.025405 
-2.958619 
-1.344789 
0.281571 
-2.656341 
-0.214397 
-1.459594 
-1.017384 
-0.898029 
-1.035639 
-1.139982 
-0.660619 
-1.105305 
0.522573 
-1.150915 
-0.730806 
-2.105791 
-0.664211 
-1.677150 
-0.585213 
-0.609524 
-2.211230 
-1.608778 
-2.732609 
-0.504316 
-1.324580 
-0.680068 
-1.237967 
-1.551744 
-1.540610 
-0.670344 
-1.722718 
-2.078280 
-0.311580 
-0.492551 
-0.853470 
-0.729848 
-2.523177 
-0.782675 
-0.806295 
-0.794353 
-0.780446 
-0.315289 
-2.644751 
-0.170699 
-0.815532 
-0.616980 
-1.886775 
-1.084770 
-0.893894 
0.010493 
-1.654430 
-1.158800 
-0.821792 
-0.207568 
-1.275967 
-0.382412 
-0.428213 
-1.654633 
-0.798929 
-1.681903 
-0.313933 
-1.891089 
0.310916 
-1.458371 
-0.300451 
-1.049434 
-2.075172 
-1.832936 
-0.563312 
0.182164 
-0.130822 
-0.995652 
-1.412334 
0.371715 
-0.435531 
-0.255923 
-2.585113 
-0.660040 
-2.405236 
-0.153154 
-1.157290 
-1.139614 
-1.622532 
-1.135793 
-0.852764 
-1.610690 
-1.354005 
-0.692297 
0.008553 
-2.194817 
-1.635526 
-2.660853 
-1.335978 
-1.013301 
-0.045058 
-1.193378 
1.034899 
-1.229512 
-1.018710 
-0.938748 
-0.725949 
-1.413279 
-2.178106 
-0.631495 
-0.822729 
-0.814345 
-0.987040 
-1.214747 
-0.447897 
-1.663860 
-1.824769 
-1.651445 
-0.671488 
-1.084086 
-1.925047 
-1.347556 
-2.074891 
-0.209649 
-1.632697 
-0.405205 
-0.290554 
-0.654745 
-1.501357 
-1.033011 
-0.665510 
-1.784822 
0.049093 
-0.937970 
-0.770165 
-0.855046 
-0.533014 
-0.321846 
-1.645749 
-0.855608 
-1.772969 
0.743237 
0.254506 
-1.078503 
-0.362673 
-1.231509 
-0.529818 
-1.358648 
-0.573677 
-0.342092 
-0.904362 
-0.644922 
-1.610478 
-0.787043 
-0.592919 
-1.009298 
-1.591233 
-0.776589 
-1.484942 
-1.724914 
-0.905448 
-2.332001 
0.197147 
-1.050123 
-1.580718 
-0.683698 
-0.793778 
-0.222870 
0.597876 
-0.988358 
-0.961924 
-1.368064 
-2.159031 
-1.555488 
1.295960 
-2.667300 
-0.798742 
-2.632235 
-0.751709 
-0.263193 
0.201876 
-1.126297 
-0.950123 
-0.121522 
-1.149871 
-1.483661 
-1.212710 
-0.644037 
-2.027747 
-2.815841 
-0.055794 
-0.392304 
-0.320871 
-0.365592 
-1.741517 
-2.208745 
-0.216106 
-2.364358 
-2.627623 
-0.562738 
-1.343785 
-2.370529 
-2.039609 
-2.644000 
-1.863163 
-1.039629 
-1.627947 
-1.250258 
-1.034483 
-0.277015 
-1.106864 
-1.153648 
-1.214511 
0.019148 
-0.548208 
-1.401645 
0.018277 
-1.260414 
-0.386667 
-0.140913 
-0.806054 
-0.369337 
-1.304739 
-1.097111 
-1.307558 
-0.758298 
-0.813533 
-0.362830 
-2.105161 
-1.544228 
-1.223213 
-1.204501 
-0.829260 
-2.277180 
-1.126121 
-0.193314 
-1.054504 
-0.602507 
-1.810101 
-0.600711 
-1.019634 
-1.547142 
-0.452557 
-2.312347 
-1.286370 
-1.048105 
-0.057962 
-0.047984 
-1.834646 
-1.584398 
1.176040 
-1.642817 
-1.601543 
-0.635132 
-1.371457 
-2.800707 
-1.130026 
-0.717078 
-0.171158 
-0.257027 
-1.646173 
-1.526850 
-2.279421 
1.432405 
-0.161176 
0.353501 
-1.695775 
-0.282108 
-2.755220 
-0.542606 
-3.115540 
-0.572134 
-2.049475 
-2.473114 
-2.296547 
-2.151568 
-1.194887 
-1.290466 
-1.967709 
-0.900650 
-2.374420 
-1.428243 
-1.791124 
-0.210824 
-1.786103 
0.518821 
-0.115174 
-0.848583 
-1.166413 
-2.096186 
-0.973409 
-1.487325 
0.512174 
-1.872697 
-1.220021 
-2.005273 
-1.268994 
-0.697506 
-1.851353 
-1.031217 
-2.459259 
-1.782495 
-1.767556 
-0.181453 
-2.472280 
-1.687561 
-1.721245 
-1.701300 
-1.518394 
-0.362366 
-1.945914 
-1.476783 
0.246276 
-0.396847 
-1.182854 
-0.069229 
-1.605508 
-0.929412 
-2.258408 
-1.858235 
-0.534021 
-0.491446 
-0.884818 
-0.484488 
-1.549995 
-0.081405 
-1.270062 
-0.117264 
-1.132997 
-1.721266 
0.487773 
-1.199659 
-2.095477 
0.059464 
-1.574774 
-0.907471 
-0.616180 
-1.007118 
1.176804 
-0.750324 
-0.624274 
-1.398864 
-0.919084 
-0.654262 
-0.389941 
-1.276241 
-1.280957 
-1.907217 
-1.648702 
-1.344382 
-0.868433 
-2.119026 
-1.356302 
-0.101012 
-1.416442 
-0.080568 
0.221043 
-1.108232 
-2.113617 
-1.535687 
-0.929428 
-0.338215 
-1.262169 
-2.146688 
0.550391 
-1.648874 
-0.992956 
-0.710361 
-2.307091 
-1.830678 
-1.439016 
-1.659665 
-1.747319 
-1.718299 
-1.307809 
-0.990954 
-0.923433 
-1.084540 
-1.125903 
-1.117971 
-0.763053 
-1.222684 
-1.053066 
-0.692036 
-2.215433 
-2.513858 
-1.572583 
-0.107583 
-2.258463 
-0.487693 
-1.579324 
-0.650315 
-1.362074 
-0.325051 
-1.742179 
0.717204 
-1.159418 
-0.953116 
-0.759617 
-0.799193 
-1.416150 
-0.402448 
-2.074576 
-1.251948 
-1.725481 
-1.021464 
-0.191328 
-0.557499 
-0.508215 
-1.133418 
-1.559215 
0.650634 
-2.349084 
-0.061577 
-1.248343 
0.086382 
-1.290775 
-1.163038 
-0.412488 
-1.420322 
-1.479378 
-0.875837 
-2.001577 
-0.463664 
-1.002259 
-1.832142 
-0.470862 
-1.555447 
-2.084167 
-1.895687 
-0.815553 
-1.098230 
0.117831 
-1.465006 
-0.645118 
-0.908472 
-0.546734 
-0.756637 
-2.075416 
-0.339707 
-2.081997 
-0.091633 
-1.318459 
-0.149829 
-1.596412 
0.391342 
-2.164208 
-0.545185 
-0.597711 
-2.204354 
-0.163261 
-1.686885 
-1.062853 
-1.036633 
-1.580269 
-0.379546 
-0.904601 
-1.630151 
-2.353162 
-1.384035 
0.056064 
-2.860679 
-2.448471 
-1.063026 
-0.674447 
-1.532920 
-1.611178 
-0.491711 
-0.384851 
-0.890748 
-1.019028 
-0.032481 
-1.598664 
0.669128 
-1.648478 
-0.453746 
0.047511 
-0.742152 
-0.448947 
-1.251656 
-0.927243 
0.597851 
-2.028027 
-0.756411 
-1.464789 
-1.552253 
-1.679459 
-0.542860 
-0.463583 
-0.809486 
-1.223772 
-1.701322 
-0.092063 
-1.955428 
-0.750105 
-1.841953 
0.511995 
-0.834098 
-1.352000 
0.167754 
-0.725851 
-1.095458 
-1.809355 
0.501252 
-0.681395 
-1.911818 
-0.650517 
-0.595731 
-0.331221 
-0.744957 
-0.565902 
0.493625 
-2.354294 
-0.918393 
-0.608231 
-1.448046 
-1.561635 
-0.487449 
-0.831037 
-0.639604 
-2.383333 
-0.958633 
-0.908312 
-1.057046 
-0.543083 
-0.051575 
-1.290569 
-1.145291 
-1.001619 
-1.888103 
0.869480 
-1.334930 
-0.954726 
-0.845092 
-2.035242 
-1.161570 
-1.065555 
-0.753825 
0.635225 
-1.408172 
-2.053193 
-1.856284 
-1.949689 
0.363681 
-0.373176 
-0.510246 
-0.209748 
-1.201576 
-0.595033 
-1.484133 
-0.381290 
-1.186917 
-0.761154 
-1.153705 
-0.204946 
-1.021537 
-2.364385 
0.126291 
0.284009 
0.049143 
-0.702218 
-1.709103 
-2.583158 
-0.532448 
-1.522624 
-0.843319 
-0.072109 
-1.133870 
-2.272903 
-0.621174 
-0.329853 
0.131498 
-1.886862 
-0.518466 
-1.826327 
-2.296362 
-0.800359 
0.007079 
-0.066164 
-0.829286 
-0.522725 
-1.197434 
-0.920555 
-1.113758 
-0.043706 
-2.468709 
-1.391639 
-1.751008 
-2.113055 
-2.537324 
-0.885177 
-1.869590 
-1.856022 
-0.806886 
-0.659532 
-1.553445 
-1.185384 
0.836147 
-1.425246 
-3.485862 
-2.519029 
-0.661548 
-0.261566 
-0.326731 
-2.616877 
-0.664717 
-1.685283 
-0.403671 
-1.117943 
-2.283058 
-0.649697 
-1.240987 
-0.105549 
-1.516243 
-0.352744 
-0.148689 
-0.939441 
-0.336119 
-0.828585 
-1.520840 
-1.159014 
-1.550636 
-0.856734 
-1.541992 
-0.617637 
-2.121009 
-1.262558 
-0.841320 
-1.538581 
-1.263251 
-1.928954 
0.035388 
-0.860042 
-2.107074 
-1.886733 
0.025108 
-0.092913 
0.615116 
-0.923775 
-0.492157 
-1.189591 
-1.575560 
-0.871377 
-1.021336 
-0.121738 
-0.519617 
-0.488189 
-1.954251 
-1.125097 
-0.582519 
-1.106409 
-1.529665 
-1.921609 
-1.378862 
-0.294511 
-2.291320 
-0.133055 
-2.699833 
-1.886790 
0.699038 
-0.917400 
-0.606266 
-2.556279 
-0.281155 
-1.558937 
0.840874 
0.177504 
-1.864536 
-0.042445 
-1.191166 
-1.714619 
0.093521 
-1.242636 
-0.264557 
-1.242206 
-0.957972 
-0.910356 
-0.171461 
-2.944691 
-0.572950 
-1.319130 
-0.726570 
-0.925212 
-1.191538 
-1.639422 
-0.941806 
-1.081996 
-2.804482 
-1.123745 
-1.044412 
-1.248437 
-0.514970 
-1.025805 
-1.292289 
0.155978 
-1.921121 
-2.450389 
-2.537018 
-1.561008 
-0.841008 
-1.032426 
-1.708179 
-0.843037 
-2.068006 
-0.851183 
-0.934847 
-0.818041 
-1.569142 
-2.332564 
0.105812 
-1.411346 
-1.989798 
-0.520739 
-0.616735 
-2.157932 
-2.394275 
-0.619288 
-2.688811 
-1.127598 
-1.821605 
-0.852071 
-2.173337 
0.347963 
0.043797 
-1.227925 
-0.229733 
-1.146154 
-1.116394 
0.533941 
-1.089399 
0.026438 
0.084423 
-1.245275 
0.482764 
-0.396012 
-0.745812 
-1.505888 
-1.360102 
-2.190284 
-2.248074 
-1.093352 
-1.277012 
-1.086746 
-1.519655 
-2.187435 
-2.278251 
-0.786480 
-1.027720 
-1.818835 
-0.692364 
-0.838760 
-0.990486 
-0.763467 
-0.429726 
-1.465703 
-0.235044 
-1.526527 
0.048567 
-0.855181 
-0.518597 
-0.451972 
-2.035713 
-0.881454 
0.013422 
-1.260769 
-1.049815 
-1.550786 
-1.605277 
-1.115450 
0.277928 
-1.190883 
-1.160203 
-0.174475 
-0.052038 
-1.171522 
-0.610344 
-1.608087 
-0.666175 
-1.048081 
-0.395628 
-0.365840 
-0.912855 
-1.633573 
-0.197223 
-0.834296 
-1.847279 
-0.408322 
0.362579 
-0.723631 
-2.804383 
-1.183706 
-1.087519 
-1.305570 
-2.550739 
-1.415526 
-1.377696 
-0.899317 
-0.326627 
-1.509025 
-1.864507 
-0.588737 
-0.917528 
-0.481338 
-1.795952 
0.100059 
-1.715834 
-1.494640 
-0.108745 
-1.303445 
-0.641241 
-2.069530 
0.226261 
-0.856281 
-0.820310 
-1.582411 
-1.072858 
-0.922388 
-1.748709 
-1.443551 
0.056853 
-2.730655 
-1.352359 
-2.751383 
-0.686420 
-1.472442 
-0.414548 
-1.906420 
-1.801698 
-1.489990 
-0.368765 
-1.033905 
-0.489943 
-0.826666 
-0.830795 
-1.131238 
-1.888199 
-1.069463 
-2.994829 
-0.398452 
-1.230380 
-1.265887 
-1.592880 
-2.093056 
-1.202320 
-1.126692 
-0.433029 
-0.292069 
-1.331759 
-0.509827 
-0.669171 
-1.351718 
0.096415 
-0.866751 
-2.332364 
-0.642485 
-0.797731 
-2.018766 
-1.599528 
-2.718139 
0.236523 
-1.462741 
-1.267110 
-1.000143 
-1.624845 
-0.829384 
-1.180648 
-1.593957 
-0.696910 
-0.941898 
-1.479836 
-0.421317 
-2.788648 
-0.520759 
-0.998829 
-1.854502 
-0.100005 
-0.770305 
-0.497698 
-2.044505 
-0.872087 
-1.102383 
-0.875241 
-0.715681 
-1.371913 
-1.613958 
-1.828750 
-0.869997 
-0.304516 
-1.744766 
-1.985792 
-0.859155 
-1.496994 
-1.373327 
-0.284260 
-1.004468 
0.028409 
-1.232315 
-0.266846 
-1.916642 
-0.885800 
-1.375541 
-1.189206 
-2.161567 
0.932107 
-0.725522 
-1.421028 
-0.879248 
-1.663349 
-1.854226 
-0.913438 
-0.235717 
-0.415682 
-0.147795 
-1.329792 
-2.142621 
-1.080135 
-2.199935 
-1.173399 
-0.577593 
-0.655532 
-1.665861 
-0.796108 
-2.027473 
-1.320312 
-0.346219 
-0.771265 
-1.189210 
-0.261485 
-1.442757 
-1.395948 
-1.095174 
-0.670458 
-1.060154 
-1.001697 
-1.773166 
-0.791292 
-0.838018 
0.402937 
-1.916575 
-0.926741 
-0.135827 
-1.251247 
-0.754830 
-1.442857 
0.216747 
-0.828767 
0.202142 
-0.239866 
-1.632406 
-0.967723 
-1.523960 
-1.314237 
-1.631461 
-0.383102 
-0.293765 
-1.459104 
-0.749923 
-1.801596 
-1.034716 
-1.479636 
-1.147062 
-1.404356 
-0.363420 
-2.720664 
-2.154308 
-0.775872 
-0.677061 
-1.698152 
-0.593214 
-1.578496 
-1.448788 
-0.335029 
-0.501913 
0.376906 
-0.795311 
-0.255207 
-1.844397 
-0.056840 
-0.816214 
-0.077643 
-0.966238 
-1.819793 
-0.027028 
-1.876749 
-0.729315 
0.006897 
-2.966160 
0.914476 
-0.322021 
-1.806005 
-0.532005 
-0.800693 
-1.378100 
-2.526486 
-0.479379 
-1.121871 
-1.276274 
-0.668411 
-1.489211 
-1.546167 
-0.754204 
0.003434 
-2.493444 
0.538051 
-1.738404 
-1.341449 
-0.015216 
-2.486025 
-1.547539 
0.638446 
-1.428124 
-1.144083 
-0.092299 
-1.507941 
0.098304 
-2.389980 
-1.600582 
-1.284951 
-1.687729 
-0.274445 
-0.571583 
-1.062527 
0.646560 
-0.284020 
-1.500972 
-0.227139 
-1.232210 
-1.515668 
-0.318511 
-0.731551 
-0.008928 
-1.080482 
-0.782409 
-0.832903 
-1.837747 
-1.357929 
-1.419213 
-1.012741 
-1.142240 
-0.759282 
-0.687856 
-1.241593 
-1.577826 
-2.451594 
-0.804420 
-1.509516 
-1.550138 
0.878002 
-1.540479 
0.196429 
1.283043 
-1.340748 
-1.131313 
-1.105473 
0.007168 
-1.268611 
-1.548870 
-1.211694 
-0.969111 
-0.192178 
-1.013206 
-1.740336 
-1.437942 
0.151567 
-1.033493 
-0.232271 
-1.897008 
-0.952022 
-1.700475 
-1.195273 
-0.184417 
-1.972196 
-1.358472 
-1.733389 
-0.684413 
-1.860499 
-0.569999 
-0.753135 
0.444727 
-0.813173 
-0.786631 
-1.065432 
-0.666143 
-0.940625 
-1.683622 
-0.525276 
-1.940671 
-1.320666 
-1.072621 
-2.265954 
-1.344334 
-1.098740 
-1.198776 
-2.086729 
-1.081587 
-1.715319 
-1.837482 
-1.251585 
-1.120072 
-1.092796 
-0.582362 
-0.833050 
-0.547555 
-0.328174 
-0.245934 
-1.860915 
-0.745253 
-0.796919 
-1.022400 
-0.219462 
-0.562397 
-1.321372 
0.242146 
-2.404382 
-1.190529 
0.248083 
-1.211627 
-1.370972 
-0.575078 
-0.320121 
-0.456717 
-0.858266 
-1.789709 
-1.441758 
-1.384086 
-2.721190 
-1.314612 
-0.786929 
-1.604694 
-1.910039 
-1.009216 
-1.016585 
-0.859145 
-2.655904 
-1.771572 
-1.603614 
-0.377362 
-0.929357 
-0.371861 
-1.719123 
-1.231442 
-1.873084 
-0.627341 
-0.164001 
-0.250896 
-1.380785 
-1.695891 
-0.534455 
-0.762107 
-0.551971 
-0.218558 
-0.140843 
-0.364210 
-1.241826 
-2.390516 
-0.376413 
-1.765260 
-0.949765 
0.161277 
-1.122245 
0.477423 
0.052619 
-0.502779 
-1.635715 
-1.180900 
-0.815067 
-1.351503 
-1.196997 
-0.367508 
-0.937642 
-1.431836 
-0.776458 
-1.051578 
0.089163 
0.597709 
-1.142371 
-1.692918 
-1.235234 
-2.637114 
-1.925465 
-1.094185 
-1.912744 
-0.443811 
-0.175170 
-1.769264 
-1.291350 
0.210020 
-1.647736 
-1.309262 
-1.837225 
0.023652 
-0.621818 
-0.770658 
-0.625660 
-1.654950 
-1.359997 
-2.114852 
-1.903150 
-1.107870 
-0.615267 
-0.637691 
-0.803487 
0.190789 
0.027017 
-1.172810 
-1.815769 
-1.526258 
-0.200236 
1.073366 
-1.819999 
-0.014599 
-0.943775 
-0.481682 
-2.662477 
-1.315588 
-0.585359 
-1.064717 
0.863419 
-1.697100 
-0.102336 
-1.396907 
-1.073321 
-0.641963 
0.272742 
0.324914 
-1.224776 
-0.794545 
-1.231808 
-0.417119 
0.142431 
-0.984874 
-1.190469 
-1.079151 
-0.976226 
-0.095736 
-0.946783 
0.133463 
0.457655 
-1.884827 
-0.792605 
-0.908763 
-1.362731 
-0.575290 
-1.995147 
-1.769934 
-2.503340 
-0.799688 
-1.069041 
-0.767649 
0.149604 
-1.439954 
-0.310910 
-0.844454 
-1.475942 
-0.247619 
-1.936803 
-1.609881 
-1.421410 
-1.218698 
0.038892 
-0.805324 
-0.389223 
-1.830744 
-1.403172 
-1.047954 
-1.031712 
-1.014629 
-0.331389 
-0.935338 
-0.425807 
-1.493486 
-1.038904 
0.339114 
-1.610031 
-1.497205 
0.057613 
-1.489762 
-0.856039 
-1.943384 
-2.198938 
-1.608563 
-1.505011 
0.025251 
-2.876192 
-1.125796 
-0.522790 
-1.038099 
-1.015633 
-2.601542 
-0.476545 
0.043922 
-0.624378 
-0.741436 
-0.728413 
-1.837689 
-1.358373 
-1.894092 
-0.837881 
-1.296758 
-2.054042 
0.287259 
-0.640079 
-1.530803 
-1.022500 
-0.943763 
-0.266955 
-0.491192 
1.153117 
-1.304241 
0.769850 
-1.529747 
-0.968160 
-1.758104 
-0.905165 
-2.553189 
-2.550028 
-0.514817 
0.317234 
-0.166390 
-0.254707 
-1.618766 
0.269698 
-0.061690 
0.242783 
-0.999906 
0.320894 
-0.264703 
0.079636 
1.081231 
-1.292251 
-0.602593 
0.400734 
-1.668110 
-0.387957 
0.442014 
-1.338014 
-1.063841 
-1.401139 
-2.151382 
-1.456616 
-1.099477 
-0.143668 
-1.482982 
0.176121 
-1.361108 
-1.009343 
-1.286946 
-2.944006 
-1.307417 
-0.696733 
-0.953641 
-0.933989 
1.262240 
0.841804 
-1.468899 
-0.970019 
-1.480202 
-0.171850 
-0.746057 
-0.694651 
-1.518247 
-1.013796 
-1.234158 
-2.577544 
-1.447466 
-2.033429 
-1.226270 
-2.278439 
-1.794224 
-0.611519 
-0.743761 
0.150826 
-0.045921 
-1.379120 
0.094350 
-0.432361 
-0.868349 
-0.005722 
-1.216925 
-1.204879 
-0.669038 
0.095961 
0.351586 
-1.597752 
-1.769506 
-0.382546 
-0.397186 
-0.260374 
-0.448415 
-0.537054 
-1.384697 
-0.361427 
-0.914259 
-1.182590 
-1.646375 
-2.103025 
-0.845809 
0.587978 
-1.568041 
-0.830603 
-1.339737 
-0.431861 
-2.724461 
-1.458903 
-0.205415 
-1.119933 
-0.244505 
-0.262347 
-0.776965 
1.247813 
-1.059481 
-1.494877 
-2.521628 
-1.325079 
0.455819 
-0.422054 
-0.069527 
-0.887873 
0.180194 
-1.481262 
-1.022397 
-1.421332 
-0.297682 
-0.113511 
-1.705490 
-0.941056 
-1.578319 
-0.666256 
-1.395354 
-0.048714 
-1.562733 
-1.047849 
-1.971250 
-0.566099 
-0.589109 
-1.658610 
0.159644 
-0.850603 
-1.291651 
-1.987043 
-1.068065 
0.259799 
-3.301078 
-0.549385 
-2.116876 
0.381574 
-1.314881 
-1.344215 
-2.558705 
-1.651719 
-1.776775 
-0.568968 
-0.170292 
-1.227314 
1.345687 
-0.879931 
-1.099932 
-1.109825 
-0.396907 
-0.887982 
-0.642162 
-0.851619 
-1.010306 
-1.019337 
-1.075360 
-0.782612 
-2.412155 
-0.220332 
-2.258246 
-2.584545 
-1.232637 
-1.563334 
0.630528 
-1.326528 
-1.911934 
-1.581882 
0.555828 
-0.577407 
-1.100340 
0.369024 
-1.217654 
-1.635905 
-1.155693 
0.152955 
-1.047073 
-0.020436 
-0.747375 
-1.507182 
-1.103556 
-1.096977 
-0.666789 
-1.193514 
0.222123 
-1.186373 
-1.219730 
-1.696880 
-0.548142 
-2.157566 
-0.024298 
-2.651649 
-1.940185 
-1.829371 
-0.301670 
0.381611 
-2.059503 
-1.579087 
-1.088053 
-0.449746 
-0.759889 
-0.373972 
-0.038882 
-1.278915 
-2.986849 
-0.098902 
-2.101280 
-1.540652 
-0.633288 
-0.755652 
-0.584317 
-1.112717 
-0.581600 
-0.980638 
-0.206565 
-1.014263 
-1.691409 
-1.108420 
-1.224180 
-1.985290 
0.291543 
-0.941812 
-1.314282 
-0.272395 
-1.895313 
-1.223913 
-0.392513 
-0.908377 
-1.748615 
-1.412369 
-0.473471 
-2.036601 
-1.847099 
-0.649897 
-0.907535 
-1.552119 
-0.029255 
-0.731003 
-1.369044 
-1.001821 
-0.434161 
-2.163916 
-2.099289 
-1.130552 
-1.552773 
-0.895065 
-1.001736 
-1.541288 
-0.102310 
-1.719861 
-0.865071 
-1.097163 
-1.977372 
-1.526031 
-1.555306 
-1.273610 
-1.358138 
-0.617871 
-1.665763 
-1.721160 
-1.265709 
-0.244276 
-1.183130 
-0.136333 
-1.272702 
-0.560529 
-1.372285 
-1.852962 
-2.441580 
-2.521673 
-1.977267 
-1.235073 
-0.376074 
-1.369052 
-1.621495 
-1.552215 
-0.293127 
-0.168054 
-0.182817 
-0.631332 
-0.111044 
0.134426 
-1.540172 
-0.766819 
-1.388995 
0.380854 
-0.929734 
-1.222455 
0.022068 
-1.024064 
-2.104361 
-1.103179 
-1.074412 
-1.951751 
-1.334814 
-1.420912 
-1.728675 
0.183050 
-0.602153 
-0.419843 
0.115178 
-2.093611 
-0.249450 
-1.626067 
-0.491642 
-1.637865 
-2.723242 
-3.037453 
-2.216626 
-0.098172 
0.033199 
-0.494285 
-1.320662 
-1.858065 
-2.033508 
-0.678733 
-1.289368 
-0.158510 
-0.501509 
-1.630556 
-0.500555 
-0.392645 
-1.397827 
-0.545896 
0.179841 
-1.153941 
-1.652099 
-0.417728 
-2.084179 
-0.968863 
-1.018307 
-0.652271 
-0.190317 
-0.805114 
-1.184189 
-0.864621 
-0.812924 
-2.321040 
0.192843 
-1.069999 
-0.116792 
-0.067930 
-2.228606 
-0.037983 
-0.507494 
-1.543358 
-0.506625 
-1.008766 
-0.785002 
-0.774001 
-0.368269 
-1.955012 
-1.636445 
-0.386235 
0.832906 
-0.868007 
-1.345126 
-2.788894 
-0.747853 
-0.739506 
-1.923666 
-1.504529 
-1.356267 
-1.332540 
-0.031745 
-1.636225 
-0.764006 
-0.850145 
-2.350700 
0.213780 
-1.106656 
-0.076953 
-1.439130 
0.912662 
-0.694573 
-0.589188 
-1.336079 
-1.426280 
-0.969352 
-0.394678 
-2.387503 
-2.480544 
-1.039091 
0.222082 
-0.676590 
-1.450946 
-0.212831 
-1.654447 
-1.569868 
-1.545554 
-2.317507 
-1.596992 
-0.818353 
-0.222312 
-0.411764 
-1.216842 
-1.027069 
-1.059819 
-1.998844 
-0.538939 
-1.135439 
-1.497865 
-0.078261 
-1.695737 
-1.147659 
-1.807629 
0.219180 
-1.466152 
-1.393660 
-1.880610 
-2.877695 
-0.106586 
-1.177126 
-1.175627 
-1.558700 
-1.323766 
-0.656720 
-1.139820 
-1.256098 
-1.411165 
0.557746 
-1.668041 
-0.147236 
0.045774 
-1.323865 
-2.317826 
-1.552832 
-1.088641 
-0.034883 
0.327610 
-1.018252 
-2.206587 
-0.793525 
-1.955371 
-1.856269 
0.589981 
0.018640 
-1.869077 
-0.607372 
1.014361 
-0.876935 
-1.955080 
-0.706317 
1.049492 
-2.368139 
0.558833 
-1.191522 
-0.744224 
-1.917133 
-1.570163 
-1.334694 
-0.878071 
-2.821951 
-1.107501 
-0.102012 
-1.096002 
-0.134196 
-1.616383 
-1.266609 
-1.055757 
-0.498891 
0.311168 
-2.364450 
-1.492278 
-1.627548 
-0.094138 
-1.621049 
-0.626257 
-2.199913 
-2.036563 
-0.603633 
-2.698512 
-0.990322 
-1.363496 
-0.436136 
-1.912475 
-1.561142 
-0.952199 
-0.535799 
-0.040980 
-1.192032 
-1.347884 
-0.677518 
-1.591976 
0.117286 
-2.385840 
-0.164057 
-0.761049 
0.509144 
-0.429645 
-1.222150 
-0.123007 
0.349157 
-2.523709 
-1.290308 
-0.532762 
0.876384 
0.362318 
-0.060912 
-0.782946 
-0.042979 
-2.206935 
-1.807845 
-1.438141 
-1.372894 
-1.276346 
-0.393989 
-0.494576 
-2.479808 
