6.677120
8.606112
6.674816
8.236800
6.681952
6.843200
8.278944
7.618304
8.105760
7.354496
8.036000
6.690560
8.132000
8.208384
9.529184
7.105280
6.668160
7.693760
6.844640
6.687360
12907.123047
6.836640
6.762400
6.715200
6.736448
6.729760
6.751840
6.755840
6.770560
6.929440
6.723552
6.731680
6.723680
6.725472
6.724480
6.714720
6.717952
6.752960
6.735520
6.737600
6.710304
6.724640
6.730080
6.760320
6.730656
6.715360
6.742560
6.722080
6.783680
6.737312
6.734752
6.728000
6.719424
6.761440
6.727552
6.736864
6.730176
6.719872
6.720320
6.756864
6.730560
6.736000
6.726560
6.756640
6.731040
6.725504
6.741920
6.803680
6.714656
6.736800
6.747040
6.757440
6.747072
6.720480
6.732672
6.753888
6.722240
6.720960
6.763520
6.710240
6.719520
6.730080
6.715040
6.946720
6.714400
6.725120
6.724384
6.720160
6.712800
