8 
122 
149 
155 
276 
288 
9 
123 
135 
156 
277 
289 
10 
124 
136 
157 
278 
290 
11 
125 
137 
158 
279 
291 
12 
126 
138 
159 
280 
292 
13 
127 
139 
160 
281 
293 
14 
128 
140 
161 
282 
294 
0 
129 
141 
162 
283 
295 
1 
130 
142 
163 
284 
296 
2 
131 
143 
164 
270 
297 
3 
132 
144 
150 
271 
298 
4 
133 
145 
151 
272 
299 
5 
134 
146 
152 
273 
285 
6 
120 
147 
153 
274 
286 
7 
121 
148 
154 
275 
287 
1 
23 
137 
164 
170 
291 
2 
24 
138 
150 
171 
292 
3 
25 
139 
151 
172 
293 
4 
26 
140 
152 
173 
294 
5 
27 
141 
153 
174 
295 
6 
28 
142 
154 
175 
296 
7 
29 
143 
155 
176 
297 
8 
15 
144 
156 
177 
298 
9 
16 
145 
157 
178 
299 
10 
17 
146 
158 
179 
285 
11 
18 
147 
159 
165 
286 
12 
19 
148 
160 
166 
287 
13 
20 
149 
161 
167 
288 
14 
21 
135 
162 
168 
289 
0 
22 
136 
163 
169 
290 
10 
16 
38 
152 
179 
185 
11 
17 
39 
153 
165 
186 
12 
18 
40 
154 
166 
187 
13 
19 
41 
155 
167 
188 
14 
20 
42 
156 
168 
189 
0 
21 
43 
157 
169 
190 
1 
22 
44 
158 
170 
191 
2 
23 
30 
159 
171 
192 
3 
24 
31 
160 
172 
193 
4 
25 
32 
161 
173 
194 
5 
26 
33 
162 
174 
180 
6 
27 
34 
163 
175 
181 
7 
28 
35 
164 
176 
182 
8 
29 
36 
150 
177 
183 
9 
15 
37 
151 
178 
184 
25 
31 
53 
167 
194 
200 
26 
32 
54 
168 
180 
201 
27 
33 
55 
169 
181 
202 
28 
34 
56 
170 
182 
203 
29 
35 
57 
171 
183 
204 
15 
36 
58 
172 
184 
205 
16 
37 
59 
173 
185 
206 
17 
38 
45 
174 
186 
207 
18 
39 
46 
175 
187 
208 
19 
40 
47 
176 
188 
209 
20 
41 
48 
177 
189 
195 
21 
42 
49 
178 
190 
196 
22 
43 
50 
179 
191 
197 
23 
44 
51 
165 
192 
198 
24 
30 
52 
166 
193 
199 
40 
46 
68 
182 
209 
215 
41 
47 
69 
183 
195 
216 
42 
48 
70 
184 
196 
217 
43 
49 
71 
185 
197 
218 
44 
50 
72 
186 
198 
219 
30 
51 
73 
187 
199 
220 
31 
52 
74 
188 
200 
221 
32 
53 
60 
189 
201 
222 
33 
54 
61 
190 
202 
223 
34 
55 
62 
191 
203 
224 
35 
56 
63 
192 
204 
210 
36 
57 
64 
193 
205 
211 
37 
58 
65 
194 
206 
212 
38 
59 
66 
180 
207 
213 
39 
45 
67 
181 
208 
214 
47 
74 
83 
201 
213 
230 
48 
60 
84 
202 
214 
231 
49 
61 
85 
203 
215 
232 
50 
62 
86 
204 
216 
233 
51 
63 
87 
205 
217 
234 
52 
64 
88 
206 
218 
235 
53 
65 
89 
207 
219 
236 
54 
66 
75 
208 
220 
237 
55 
67 
76 
209 
221 
238 
56 
68 
77 
195 
222 
239 
57 
69 
78 
196 
223 
225 
58 
70 
79 
197 
224 
226 
59 
71 
80 
198 
210 
227 
45 
72 
81 
199 
211 
228 
46 
73 
82 
200 
212 
229 
62 
76 
98 
216 
239 
245 
63 
77 
99 
217 
225 
246 
64 
78 
100 
218 
226 
247 
65 
79 
101 
219 
227 
248 
66 
80 
102 
220 
228 
249 
67 
81 
103 
221 
229 
250 
68 
82 
104 
222 
230 
251 
69 
83 
90 
223 
231 
252 
70 
84 
91 
224 
232 
253 
71 
85 
92 
210 
233 
254 
72 
86 
93 
211 
234 
240 
73 
87 
94 
212 
235 
241 
74 
88 
95 
213 
236 
242 
60 
89 
96 
214 
237 
243 
61 
75 
97 
215 
238 
244 
85 
91 
113 
227 
254 
260 
86 
92 
114 
228 
240 
261 
87 
93 
115 
229 
241 
262 
88 
94 
116 
230 
242 
263 
89 
95 
117 
231 
243 
264 
75 
96 
118 
232 
244 
265 
76 
97 
119 
233 
245 
266 
77 
98 
105 
234 
246 
267 
78 
99 
106 
235 
247 
268 
79 
100 
107 
236 
248 
269 
80 
101 
108 
237 
249 
255 
81 
102 
109 
238 
250 
256 
82 
103 
110 
239 
251 
257 
83 
104 
111 
225 
252 
258 
84 
90 
112 
226 
253 
259 
100 
106 
128 
242 
269 
275 
101 
107 
129 
243 
255 
276 
102 
108 
130 
244 
256 
277 
103 
109 
131 
245 
257 
278 
104 
110 
132 
246 
258 
279 
90 
111 
133 
247 
259 
280 
91 
112 
134 
248 
260 
281 
92 
113 
120 
249 
261 
282 
93 
114 
121 
250 
262 
283 
94 
115 
122 
251 
263 
284 
95 
116 
123 
252 
264 
270 
96 
117 
124 
253 
265 
271 
97 
118 
125 
254 
266 
272 
98 
119 
126 
240 
267 
273 
99 
105 
127 
241 
268 
274 
115 
121 
143 
257 
284 
290 
116 
122 
144 
258 
270 
291 
117 
123 
145 
259 
271 
292 
118 
124 
146 
260 
272 
293 
119 
125 
147 
261 
273 
294 
105 
126 
148 
262 
274 
295 
106 
127 
149 
263 
275 
296 
107 
128 
135 
264 
276 
297 
108 
129 
136 
265 
277 
298 
109 
130 
137 
266 
278 
299 
110 
131 
138 
267 
279 
285 
111 
132 
139 
268 
280 
286 
112 
133 
140 
269 
281 
287 
113 
134 
141 
255 
282 
288 
114 
120 
142 
256 
283 
289 
