25
24
56
11
8
59
61
37
20
1
30
62
36
7
22
37
53
36
58
7
36
19
24
13
58
57
13
57
44
5
29
25
48
50
34
57
30
51
61
39
39
48
44
62
61
48
22
14
43
8
22
57
16
16
40
18
1
19
30
57
22
27
14
58
31
23
21
21
14
12
60
48
37
9
24
46
9
36
36
45
54
46
2
29
28
47
4
11
50
39
28
52
7
39
50
7
43
33
6
52
24
31
48
52
46
27
13
38
2
17
40
20
5
37
40
41
24
9
34
37
26
46
54
28
39
26
15
58
54
39
30
20
22
56
57
54
53
53
51
30
37
13
18
1
50
2
10
39
48
50
35
52
37
14
6
12
48
60
34
51
34
2
19
26
46
43
22
11
60
61
46
2
3
57
47
56
36
30
0
18
58
37
12
23
25
29
44
43
18
57
31
42
62
24
51
9
58
11
48
33
1
18
61
44
8
50
44
8
52
46
43
45
60
8
23
51
21
58
20
1
2
63
28
63
41
49
17
31
51
22
27
28
35
28
27
50
60
32
29
7
9
43
39
38
62
29
34
32
3
53
56
23
61
45
62
8
23
40
61
40
3
11
46
19
3
46
4
19
38
59
56
13
0
11
34
59
49
57
52
14
2
14
58
61
23
34
44
30
12
18
14
62
39
39
46
17
48
56
36
21
62
42
24
35
24
55
7
9
9
59
12
24
35
39
47
37
41
62
15
44
33
39
59
22
36
56
7
6
50
44
0
5
9
28
51
4
15
0
51
49
40
17
44
2
59
24
57
16
58
2
2
16
51
49
40
63
42
26
11
2
57
17
17
12
0
41
48
24
4
58
48
37
21
59
6
38
19
29
11
13
26
47
46
0
18
7
57
51
21
60
34
14
57
20
57
40
39
23
58
62
50
61
49
31
13
17
45
62
12
51
22
42
15
63
2
35
20
18
20
61
12
42
45
59
59
62
44
35
0
35
57
56
17
32
24
14
38
61
32
30
51
39
56
47
43
20
44
61
4
8
29
47
32
6
3
23
22
23
55
44
2
40
49
36
57
33
19
21
60
59
49
58
60
13
37
61
63
26
45
29
3
1
52
61
1
6
32
40
28
17
17
27
62
54
1
43
30
4
6
62
46
38
34
9
43
11
27
1
0
8
11
18
61
56
27
47
57
14
53
61
60
46
10
40
38
33
53
18
17
21
25
39
29
48
6
7
47
36
31
14
42
15
30
44
7
0
41
29
40
34
17
47
46
47
59
37
62
34
4
44
29
56
28
21
45
13
4
25
43
13
8
3
20
55
61
15
33
39
63
49
51
37
20
18
4
37
14
44
2
22
63
1
24
15
42
44
45
58
58
3
23
40
13
15
1
47
33
42
29
16
47
24
33
15
8
44
23
20
27
61
0
55
63
51
19
21
11
25
33
52
