-1.331248 
-1.633158 
2.222334 
1.378338 
-0.860710 
-1.559354 
2.248173 
1.342154 
1.053096 
0.614438 
1.079416 
0.231429 
-1.587807 
-1.464404 
0.513611 
1.648237 
0.717900 
1.263287 
-0.828674 
-1.085736 
-1.468231 
-0.924198 
1.401536 
0.970783 
0.440650 
-0.682426 
1.588804 
2.188652 
0.782891 
1.358031 
2.557483 
1.690361 
0.577930 
-1.615920 
1.385278 
-1.240946 
0.603785 
1.874145 
-0.593691 
-1.545849 
0.426824 
1.433270 
2.030830 
-0.249853 
-1.104273 
0.783233 
1.207758 
1.752884 
-1.508647 
-1.642858 
-1.899921 
1.334032 
2.372865 
-0.037916 
1.838569 
0.635381 
-0.074850 
-0.846266 
1.600591 
-0.395657 
-0.209390 
0.797754 
-0.817674 
-2.554464 
-1.154177 
0.299010 
-1.616493 
0.872675 
0.765874 
-1.612840 
1.243799 
-1.095025 
1.402657 
0.777924 
-1.590307 
-1.003379 
1.327552 
0.659293 
1.898136 
0.708286 
-1.366126 
-1.567227 
-0.596875 
1.398634 
-1.008437 
0.249100 
-0.693110 
-1.380597 
1.579898 
0.085990 
-0.181414 
1.690017 
-0.196389 
-0.188929 
1.538068 
1.849155 
-1.686575 
-0.219012 
-2.070065 
0.299173 
-0.818273 
-0.422837 
1.451015 
0.531038 
1.003495 
1.863641 
-1.059552 
-1.401886 
-0.142521 
0.331830 
-0.350666 
1.438394 
-0.349829 
-0.820499 
-1.130569 
-1.305414 
-0.496409 
-1.220561 
-1.966748 
1.325586 
1.810582 
-2.349419 
-0.179907 
-1.264690 
-2.101608 
0.811555 
2.253301 
-0.111007 
-0.859133 
1.099299 
0.525644 
0.826991 
-0.355298 
-0.111537 
0.013719 
0.488312 
1.764775 
0.346319 
-0.384697 
0.988694 
-2.681851 
0.404531 
0.886559 
-0.978285 
0.860464 
1.785912 
-0.130809 
-1.072635 
-0.181957 
2.024899 
-1.109561 
-0.083182 
-1.244746 
2.124877 
-0.757873 
0.413614 
0.978305 
1.214912 
0.375486 
-0.619991 
0.593832 
0.641629 
0.990679 
-0.631269 
0.972002 
2.104551 
0.619329 
0.266926 
0.529826 
0.484505 
-1.418148 
-1.694305 
2.913275 
1.703395 
1.465030 
-1.169232 
0.477956 
1.405423 
-0.050450 
1.445756 
0.588282 
-1.306135 
-0.045606 
-1.124198 
0.268806 
-1.104814 
-0.516620 
-0.660983 
-2.132434 
0.965326 
0.197015 
-0.664249 
0.299401 
1.644554 
0.603338 
1.288819 
-1.122558 
-1.027752 
-1.772488 
-0.578211 
-1.679211 
1.839793 
1.074254 
1.769517 
0.941565 
0.128909 
1.981439 
0.096643 
0.688808 
0.904119 
-1.982626 
1.181603 
1.995801 
-0.643804 
-1.131615 
-2.176589 
-0.941204 
-1.423517 
-0.844296 
-1.289244 
0.543683 
-0.501601 
1.500303 
0.423589 
-2.443973 
-1.969331 
0.391301 
0.447271 
1.325350 
1.530337 
-1.987066 
1.989716 
1.107980 
-1.057986 
1.202500 
1.655186 
0.740206 
0.666571 
0.663067 
-0.608990 
-0.273010 
1.121872 
0.286630 
-1.410147 
1.124913 
0.690912 
2.070611 
0.285109 
-1.050989 
-1.907027 
0.803556 
0.054451 
-0.586621 
-1.461749 
-0.116509 
-0.387756 
1.134487 
-0.601607 
1.716305 
1.508814 
0.811554 
-0.951037 
-1.388158 
0.430623 
-0.652682 
1.747259 
-0.818237 
1.836720 
2.140982 
-0.143303 
-0.369156 
1.027022 
0.503418 
-0.635712 
-0.793011 
0.358128 
1.484837 
-1.081781 
-1.826962 
-0.732722 
0.803182 
-0.398904 
1.745721 
-1.183911 
0.007890 
0.785942 
-0.273836 
1.019499 
-0.871915 
-1.174491 
0.883376 
-0.884464 
-0.668221 
-0.506176 
-0.995642 
1.017137 
-1.474704 
-1.612053 
-0.175959 
-1.193658 
-0.798268 
0.166242 
0.943320 
-1.653366 
0.615161 
-0.533498 
1.447765 
1.285053 
0.283706 
-1.341397 
0.458133 
0.732114 
-1.559265 
2.234526 
1.896314 
-0.817614 
-0.018411 
-1.990129 
0.652591 
2.439197 
-1.012611 
0.491031 
-0.819551 
0.807766 
-1.712180 
0.752004 
1.496859 
1.208636 
-2.299883 
0.992448 
-1.516146 
-2.029455 
-1.130604 
0.877494 
-1.240305 
-0.139233 
-1.841309 
0.210631 
0.278421 
-0.959726 
-1.140711 
2.105550 
-0.238860 
0.840460 
-0.444281 
-0.531312 
-0.742826 
0.269049 
-0.039428 
-0.596835 
-1.759332 
-1.083051 
-0.955190 
-1.411328 
1.644426 
1.724978 
0.267488 
-1.867872 
0.600911 
-0.373003 
-2.876299 
-1.355658 
0.790429 
-1.832475 
-1.510828 
0.694305 
-0.103874 
-1.310267 
1.372410 
0.826863 
-0.754695 
-1.764576 
1.696153 
0.473117 
1.432734 
2.634474 
-0.957796 
-0.657573 
-1.198518 
-2.187799 
-0.879708 
-3.184725 
-0.888392 
-1.547672 
-0.695206 
-0.641898 
-0.421141 
1.157868 
0.869393 
0.520727 
-0.143919 
0.699625 
0.002972 
0.308313 
1.217418 
-0.208345 
1.366994 
-0.150651 
-0.915006 
-1.181075 
1.970667 
-0.243019 
-1.677907 
1.018980 
0.376071 
-2.411208 
-1.590331 
-1.645567 
-0.453855 
1.073532 
-1.444120 
0.216072 
1.074910 
-1.318342 
2.175333 
0.647084 
1.645147 
-2.593308 
0.663954 
-1.311012 
1.937286 
0.038993 
-1.085527 
-1.492974 
-0.534904 
0.356218 
-0.783741 
0.670485 
-1.008154 
-1.344727 
-1.291336 
1.113397 
0.185815 
-0.055725 
0.891101 
-0.763750 
0.740961 
-2.052859 
0.395212 
-1.318810 
0.465878 
0.439693 
1.335230 
0.991805 
1.977165 
0.418306 
-0.089116 
1.050960 
-0.514500 
-1.317991 
-2.690602 
-0.546114 
-0.793179 
2.204243 
-1.754641 
0.216372 
0.823560 
-1.307022 
-0.920861 
-0.890542 
0.044153 
0.940973 
-2.561811 
-0.588865 
0.445227 
0.560070 
0.036890 
0.803419 
-0.437822 
-0.044008 
0.562920 
1.803693 
-0.873656 
-1.221250 
-1.275267 
1.510611 
-2.060623 
-0.740612 
0.497062 
-0.310768 
-2.442312 
0.784715 
-0.102058 
0.441667 
-0.680334 
-1.798511 
-1.095176 
0.968288 
1.151780 
1.277582 
-1.392348 
0.678926 
1.518985 
-0.065655 
-0.288234 
-0.945221 
0.827988 
-0.425693 
1.589444 
-2.295118 
-2.338456 
-0.800549 
-0.719826 
-1.194961 
1.538090 
0.736568 
-0.424874 
-0.416215 
-0.434323 
-1.077104 
-1.035542 
1.016494 
-1.855997 
1.542492 
0.606201 
-0.173295 
1.342820 
1.139846 
-0.547024 
1.194116 
-0.545958 
-1.112959 
-0.709402 
1.059806 
0.633034 
0.600943 
-0.297939 
-0.221350 
-1.552081 
-0.075030 
-1.047877 
0.874616 
-0.360055 
0.472458 
-1.360314 
-0.678830 
-1.106556 
-1.006876 
-2.724259 
0.807890 
-1.358323 
0.549884 
-0.175005 
0.973700 
-0.930473 
-1.308491 
1.649621 
-0.721221 
1.427603 
1.497356 
-0.392505 
-2.395013 
0.181018 
-2.105102 
-0.043373 
-0.790311 
-1.854279 
1.958592 
0.343819 
1.201717 
1.842025 
-0.861982 
0.873398 
2.058592 
-0.713675 
0.115718 
0.963305 
1.525970 
1.350340 
-0.222133 
1.869497 
2.846395 
-0.958028 
-1.256073 
-1.182045 
0.266751 
-1.518316 
0.294988 
1.093499 
-0.800448 
-1.248346 
0.913529 
1.188321 
0.529847 
-0.120016 
-0.738876 
-1.330508 
1.320008 
0.198340 
-0.805698 
0.336218 
0.326965 
0.396666 
0.469817 
-0.639533 
-0.919192 
0.153277 
-0.722774 
-1.715523 
0.046806 
1.165469 
-2.613219 
-0.195636 
0.426149 
1.234977 
0.563166 
-0.390322 
-2.069447 
0.439905 
1.194920 
1.195087 
-0.320533 
-2.675799 
1.130827 
-0.583981 
1.537910 
-1.260230 
1.404376 
-1.055835 
0.293615 
-1.232855 
1.777763 
0.105812 
0.355739 
-0.421741 
-2.236025 
1.124688 
0.640691 
1.450986 
1.562931 
1.412387 
-0.571098 
1.104629 
0.303153 
-0.753547 
-2.116190 
0.641012 
1.049072 
-1.135085 
-0.027500 
0.154528 
-0.980759 
-1.236077 
-1.682734 
-0.578524 
-1.327139 
1.240999 
0.514951 
0.285818 
-0.180705 
-0.690861 
0.034968 
-0.611826 
-0.776738 
-0.246815 
-1.155430 
-1.035530 
-1.371900 
0.484304 
0.902362 
0.196755 
-2.342338 
-0.012068 
-1.589290 
-0.392172 
-2.210162 
-1.639519 
0.373462 
0.869942 
-0.793394 
-1.739181 
0.470939 
0.055879 
-1.069603 
1.097430 
-1.229357 
0.621430 
1.889634 
-0.700302 
-0.176534 
1.080525 
0.251636 
0.161651 
0.065829 
1.383222 
-1.732997 
-2.622418 
1.219718 
1.285932 
1.185062 
2.614449 
-3.590534 
-0.721953 
0.814028 
-1.067776 
1.770438 
-1.233612 
-0.965937 
-0.683798 
-2.408090 
1.119665 
0.715149 
0.186869 
-1.835326 
-1.140923 
-1.191610 
-0.884376 
-0.216455 
-1.415728 
-1.602513 
-0.190776 
-1.069117 
0.749511 
1.815969 
0.890195 
0.454482 
-2.280540 
-1.347114 
2.382862 
1.226157 
1.746695 
0.805511 
1.015792 
0.298706 
1.586779 
-1.909516 
1.393774 
2.054894 
-0.904653 
1.436048 
-1.070738 
-1.623008 
1.807981 
0.764636 
0.805785 
0.892539 
0.504013 
0.905483 
-1.057732 
-0.351467 
2.053753 
1.644692 
1.045663 
-2.031645 
-0.085077 
-0.844935 
-1.480408 
-0.320418 
1.161447 
0.694618 
-2.355961 
1.554007 
-0.009310 
2.050418 
1.919529 
0.844973 
-1.841984 
-1.939692 
1.447069 
0.564166 
0.739227 
-1.568192 
1.430610 
-2.087653 
-0.459131 
1.542639 
0.607604 
0.456022 
1.303103 
0.009181 
0.847859 
1.196617 
0.206666 
-0.795319 
2.737175 
-0.470621 
0.301288 
0.140443 
-0.245614 
-0.955117 
-1.622915 
1.440365 
1.315754 
-1.097324 
-1.107149 
-1.211067 
-2.152843 
-0.936735 
0.567511 
-0.458205 
0.276566 
-0.248801 
0.430033 
0.342109 
2.246665 
-0.235748 
2.575048 
-1.312854 
0.451800 
1.241341 
1.473548 
0.891206 
0.055555 
2.019634 
2.938784 
-0.723945 
-0.274715 
1.236855 
1.656678 
-0.177347 
-0.861920 
-2.433399 
1.709991 
-1.106330 
-1.076086 
-0.982304 
-0.207959 
-0.461529 
0.965809 
0.008904 
0.156571 
1.350115 
0.081646 
-1.288036 
0.901103 
2.245852 
-0.801547 
1.030200 
-0.728817 
0.907530 
1.656189 
-0.829044 
1.111489 
-0.188405 
-0.677195 
0.762947 
-1.207986 
-1.857382 
0.850734 
-1.435044 
-1.249810 
-0.748627 
0.287909 
1.035807 
-1.146987 
-0.937232 
-0.453633 
0.598999 
-1.085115 
-0.587263 
0.035351 
-0.365460 
1.466090 
-1.634164 
-0.487475 
1.696795 
1.253291 
1.083665 
-2.505730 
-0.520979 
-0.802930 
0.537940 
0.863306 
0.581171 
-0.717798 
-1.374523 
-0.157546 
0.386000 
-0.278157 
-1.311513 
1.676768 
-1.696464 
0.818966 
1.514234 
-1.905738 
-0.835752 
-0.243820 
1.085197 
-0.924613 
0.639364 
0.114873 
1.866444 
-1.987598 
-1.633740 
-0.334638 
-0.719200 
0.258179 
1.567538 
-1.177216 
0.653084 
-0.531083 
-0.858997 
-0.350180 
-2.367979 
0.976512 
-2.238964 
1.350853 
1.653794 
-0.700856 
1.641622 
-3.385934 
0.090486 
-0.375234 
-1.653332 
0.160064 
-0.068075 
0.444023 
-1.806306 
-0.470040 
1.808778 
-1.237819 
-0.724275 
-0.811048 
0.244295 
2.415469 
-0.475516 
-0.570882 
0.653582 
-1.699531 
1.047778 
-0.421929 
-0.093154 
-1.863677 
-1.432028 
-1.518482 
-0.474888 
-0.669136 
0.875784 
-2.099890 
1.538291 
-1.503715 
-1.428284 
-0.507150 
0.123395 
-0.214982 
0.689183 
1.679737 
2.003032 
1.081703 
0.222141 
0.651822 
1.566243 
0.844030 
-1.452875 
0.935956 
-1.798481 
-1.103713 
2.427801 
-0.586549 
-1.832222 
0.582391 
-1.261214 
-1.562271 
-0.492355 
0.126053 
0.614435 
-0.007267 
-3.120316 
-0.863520 
1.054759 
-1.826074 
-1.383688 
-2.223505 
-0.781273 
-0.496993 
-0.854443 
-0.057267 
-2.420641 
0.763501 
1.724729 
1.352530 
-0.449796 
1.040701 
1.651181 
-1.001105 
-0.925506 
-0.675451 
-1.632662 
0.962850 
-0.266826 
-0.259399 
1.570229 
0.657185 
-0.563112 
-0.868410 
-0.054772 
-0.870806 
0.800944 
-0.614477 
0.600389 
1.355088 
-1.460258 
-0.749961 
-1.780607 
0.334167 
-2.273969 
-1.587014 
-1.493363 
1.322694 
-1.970686 
-1.521996 
-1.555029 
-2.229695 
-1.180220 
1.018442 
-0.758666 
-0.992310 
-1.911925 
1.271856 
1.817673 
1.854713 
1.665576 
1.121948 
1.548925 
2.228738 
1.537061 
-0.541776 
-2.091470 
-1.111243 
-0.281410 
-1.462117 
-1.264290 
-0.905448 
-0.957601 
1.006390 
-1.419405 
0.059972 
-0.563255 
1.989683 
-0.840647 
2.395412 
-0.004190 
-1.278739 
1.568268 
-1.612019 
1.779074 
-0.202789 
-1.760485 
-0.917370 
-0.184408 
0.437723 
2.076114 
0.679762 
-0.885409 
-2.224951 
1.026626 
-1.044892 
-1.692768 
2.376507 
1.318318 
1.484440 
1.224089 
2.528400 
1.083549 
1.140694 
-0.542550 
1.116992 
-0.828665 
0.700775 
1.250368 
1.365526 
0.742803 
-0.616487 
-0.477567 
-0.764503 
-0.573222 
-2.076588 
-1.104672 
-0.801972 
0.402437 
-0.739029 
-1.351187 
-2.286516 
1.744628 
1.807740 
-2.200573 
-0.749402 
1.747521 
-1.000514 
-0.241876 
0.595373 
1.258937 
-1.176570 
1.126187 
-0.990937 
1.408472 
0.313033 
-0.248947 
-2.061195 
0.416558 
0.108487 
-1.566986 
0.090680 
-2.324437 
-1.775440 
0.962050 
0.480022 
-2.820828 
0.132489 
1.684247 
2.282599 
0.720712 
2.068260 
0.256759 
-2.046650 
-0.913811 
-1.874801 
0.889133 
-2.003628 
0.129057 
1.441237 
0.707210 
1.894404 
-0.672101 
0.694076 
0.440092 
0.222061 
0.947386 
0.095648 
1.037338 
-0.095355 
-0.053379 
-0.657200 
-1.154511 
-0.102475 
1.655639 
-2.438634 
0.111936 
1.485127 
-1.834498 
1.806378 
-0.108708 
0.899536 
-2.348977 
-0.972827 
0.874937 
-0.129159 
-1.881783 
0.342566 
-2.029363 
0.651580 
-0.696187 
2.802512 
0.359760 
0.611434 
1.114948 
-0.754513 
0.838877 
1.280096 
-0.547404 
1.454841 
1.026410 
-1.786703 
1.542872 
-1.446480 
0.108670 
1.714748 
-1.896520 
1.800959 
-1.818155 
1.912933 
1.476773 
0.872229 
0.549489 
1.083823 
-0.878473 
-0.433893 
2.487612 
2.393196 
0.946158 
0.492961 
1.031565 
-2.156926 
0.884813 
0.202586 
1.349200 
-0.767261 
-1.048270 
1.194146 
-0.758551 
-1.406416 
-0.052544 
-0.136437 
-1.228367 
0.517084 
-0.153056 
-1.292864 
-1.366565 
-1.389421 
1.988451 
-2.295002 
1.901158 
-0.838422 
0.928213 
0.560183 
1.551671 
0.476998 
0.142997 
-0.577193 
-1.177363 
1.117661 
1.287053 
1.143597 
-0.865160 
-0.717252 
0.210781 
-0.367241 
0.142919 
0.746834 
-1.286083 
0.755133 
-0.192571 
-1.105642 
1.004834 
-1.806983 
0.202067 
2.505991 
1.247055 
2.198311 
0.558396 
1.395209 
0.158045 
-1.568237 
-1.015219 
-1.161443 
1.277952 
-1.169909 
0.930522 
0.200724 
2.029973 
1.804680 
0.750368 
-1.195701 
-1.150665 
2.216882 
-0.235671 
-0.493199 
0.351740 
-0.433861 
2.179110 
0.157236 
0.107734 
0.252890 
2.296324 
1.408873 
0.443123 
0.912983 
-0.506849 
1.084636 
-1.820833 
0.726377 
1.782081 
1.982211 
-1.655016 
-0.400715 
1.913026 
-2.423340 
-1.144850 
0.302637 
-1.376139 
1.028839 
-1.455690 
-0.915022 
1.407792 
-2.168348 
-1.724736 
-1.653919 
-1.066313 
1.937969 
1.489974 
0.768983 
0.679675 
-1.402421 
1.854942 
-0.417165 
-0.459088 
-1.316254 
-1.619022 
0.458826 
0.005222 
-1.281044 
-1.188072 
-0.380842 
0.734989 
-1.246721 
-2.557142 
1.085393 
-0.124554 
1.666238 
-1.926180 
-0.904944 
-1.111636 
2.050796 
-0.375759 
-2.867425 
-0.609746 
1.204114 
0.969228 
0.381440 
0.844711 
-2.576566 
1.423979 
2.112123 
1.018169 
-0.665162 
2.817901 
-1.094551 
-0.893166 
2.104095 
0.307932 
0.041498 
-0.763718 
-1.158509 
-1.484896 
-0.546572 
-0.954669 
-2.054245 
1.233641 
1.943883 
0.875304 
-0.717846 
-0.197489 
-0.863605 
-0.477926 
1.101763 
1.680668 
-1.572866 
-0.386660 
0.121795 
-2.079925 
2.029357 
-1.378404 
-2.189701 
-0.359623 
-1.269183 
-0.981989 
1.164066 
0.685941 
1.666779 
0.829899 
-0.150089 
0.519216 
1.480124 
-1.180192 
1.145527 
-1.498013 
0.739947 
1.363690 
0.555989 
-0.334477 
1.107218 
-2.306612 
-0.710441 
-0.000337 
-0.379783 
-0.284072 
-0.630039 
-1.546104 
2.162706 
0.526956 
-0.888213 
-0.371183 
0.274551 
-1.016999 
1.039221 
1.206726 
-0.952280 
-1.557952 
-0.399815 
1.582563 
1.768326 
-1.181183 
1.323591 
2.146109 
1.597089 
2.562179 
-0.096457 
1.217211 
1.231291 
-1.958450 
-1.238893 
1.064280 
1.544500 
-1.367126 
0.233374 
0.796504 
-1.462590 
-2.513146 
-0.571483 
-0.620324 
1.461589 
0.642750 
0.289397 
-0.998475 
0.717072 
-0.217653 
0.555742 
-1.872475 
2.325480 
-1.469333 
1.431861 
-0.313808 
-0.787979 
-0.858086 
-1.817483 
0.786206 
-1.139538 
0.229144 
0.693922 
-3.101186 
-0.773276 
2.232864 
2.577749 
1.851208 
-1.023029 
1.081663 
-1.894778 
0.476343 
0.714361 
-0.593654 
1.405173 
-1.116833 
-1.107373 
0.327563 
-1.532907 
-0.935730 
-0.447254 
-0.197570 
-1.918871 
0.642884 
-0.220132 
0.438044 
0.363501 
-0.235680 
0.366428 
0.115442 
0.515260 
0.824117 
1.057558 
0.805596 
0.008184 
-0.315618 
1.659157 
-1.706816 
1.063624 
-1.618477 
-1.083328 
-2.902843 
-0.998573 
-0.439832 
-1.364299 
1.842603 
-1.942892 
-0.632837 
0.745011 
-0.107457 
0.818915 
-1.033970 
2.896866 
2.737078 
-0.599272 
0.914267 
-1.757704 
1.572211 
1.085948 
2.047506 
-1.214190 
-2.036153 
0.339700 
-0.845382 
0.300124 
0.949919 
0.639585 
-1.795464 
-0.554744 
1.360664 
1.786696 
-0.530722 
-0.633398 
-0.426645 
-1.043529 
-0.415716 
-0.838396 
0.775780 
1.805433 
1.465378 
0.224700 
-0.745791 
-0.938885 
-0.951562 
0.757858 
1.028835 
0.613559 
0.970365 
1.766354 
-0.920226 
0.558586 
2.642025 
-1.492129 
-1.844053 
-1.712576 
-0.732453 
-0.230693 
0.405402 
1.292184 
-1.789598 
-2.078531 
-1.065187 
0.439425 
0.737579 
1.295862 
-0.775600 
1.549853 
-1.517912 
2.359715 
0.766840 
-0.942494 
1.705792 
-0.830750 
-1.045537 
0.421333 
2.086951 
2.423446 
-0.579038 
2.502066 
1.742718 
1.345055 
0.516906 
-0.410671 
-0.629575 
-2.644124 
-1.144215 
2.575921 
0.597846 
-1.351517 
2.230874 
-0.347338 
-0.271559 
0.184319 
-1.734815 
0.438865 
-1.262399 
-0.615946 
0.079939 
-1.936871 
1.738734 
-1.328366 
-1.270234 
-0.470654 
0.639781 
-2.383125 
-1.352172 
-1.612165 
0.648929 
-2.489432 
-0.577404 
0.083508 
-1.445767 
0.230889 
0.671592 
-2.433671 
0.266693 
1.364108 
-1.470858 
-1.752069 
1.488532 
-2.366054 
0.344394 
-0.138424 
-0.292428 
1.954639 
1.408466 
1.435241 
0.334676 
-0.588116 
1.123162 
-1.769374 
1.313157 
1.950120 
0.127014 
0.487729 
-1.773932 
-0.964643 
2.318490 
-0.328458 
0.721851 
1.818670 
-0.419936 
0.298185 
-1.529566 
0.308889 
1.584063 
0.761894 
2.524100 
-1.004626 
-1.035172 
-1.716673 
-1.213992 
-0.068141 
1.104216 
-1.051626 
-1.112871 
0.718789 
-0.828602 
-0.554735 
-0.190808 
0.498597 
-0.416765 
-1.832310 
-1.195629 
-1.208821 
-0.910595 
-0.237410 
-1.303564 
0.710496 
-1.238338 
0.488061 
-0.518650 
1.592123 
0.431270 
1.076439 
0.400093 
-0.231334 
-0.687976 
-0.219280 
-1.352838 
-1.530164 
0.446566 
2.407921 
0.746722 
-0.196194 
0.812843 
1.647382 
1.399207 
2.546676 
1.311986 
-0.611985 
0.325362 
2.500484 
0.750930 
-0.626681 
-1.212367 
2.031137 
1.151600 
-1.075769 
0.919714 
-0.273920 
-1.016549 
-1.360118 
0.030617 
-0.758260 
-0.290750 
-0.637388 
-0.941088 
-0.624315 
-0.817030 
-0.036290 
0.402901 
-1.187604 
0.491324 
-0.129642 
1.292905 
-1.197398 
-0.410057 
-2.163431 
1.287640 
0.711697 
0.736296 
1.865498 
-0.992565 
-1.048600 
1.312543 
1.106160 
2.463537 
1.192716 
-1.088137 
0.509204 
-0.299157 
1.857487 
1.560983 
0.031381 
1.147406 
-0.193287 
-0.756611 
-0.045312 
-0.383944 
0.615519 
1.444463 
-1.329598 
-0.070570 
-0.111724 
-0.445033 
-2.525872 
-1.430859 
2.175443 
1.239584 
1.239292 
1.747182 
-1.083604 
0.360973 
0.543525 
1.425702 
0.208092 
1.409220 
-1.395690 
-0.978797 
0.479062 
0.166415 
-2.103880 
-0.441404 
1.007591 
-0.890281 
-1.659452 
-0.240060 
2.365972 
2.956363 
-0.927537 
-1.530832 
0.721757 
-2.208427 
0.840799 
0.818166 
-0.333848 
-1.527719 
-0.746768 
-0.519185 
0.351877 
1.472202 
-1.367098 
0.771789 
2.488682 
0.689182 
-1.860286 
1.240613 
1.090381 
-2.212570 
0.084650 
-1.279463 
-1.795351 
1.164346 
2.199867 
-0.412807 
-1.154016 
1.977583 
0.144719 
2.170286 
1.600413 
-1.211229 
-1.427280 
-0.984534 
-0.177854 
-2.043637 
1.833453 
0.676302 
2.207213 
0.435487 
2.441353 
0.861004 
1.079538 
1.703368 
-0.480480 
0.365883 
-0.629048 
-1.478504 
-1.563543 
-1.293959 
1.040403 
-0.148118 
1.012067 
0.675328 
0.563376 
1.406739 
-2.895696 
-1.660152 
-0.857138 
-0.731185 
2.345776 
1.582884 
-0.540923 
0.552865 
-1.369833 
0.337835 
-1.054869 
-0.236044 
-1.207911 
0.362791 
1.227988 
1.922968 
-0.041758 
-1.226962 
1.268350 
-0.247074 
-1.760860 
-0.131216 
-1.623533 
2.628572 
2.292754 
-0.779885 
0.645978 
0.111210 
-1.065714 
1.299612 
0.923633 
-1.106367 
0.699512 
2.263544 
0.247612 
-0.164630 
1.025951 
0.686447 
1.309591 
-2.028830 
-2.035623 
0.592730 
-0.715153 
-0.927330 
-1.485936 
0.146935 
-1.691782 
-1.499375 
-1.915247 
0.726758 
-0.238858 
0.109966 
1.559814 
-1.444695 
0.004866 
-0.162146 
1.948145 
1.592769 
1.699977 
-2.044985 
-1.283626 
-1.710481 
-0.956428 
0.761829 
-1.727635 
2.436859 
0.444520 
-2.148377 
0.570135 
1.116291 
0.199094 
1.556852 
-0.855083 
-0.008278 
1.322646 
2.517354 
0.409511 
0.276142 
0.951704 
-0.541736 
0.858525 
2.546076 
1.998584 
0.728553 
0.843154 
2.349412 
0.192437 
-0.231683 
0.642082 
0.787903 
1.098710 
-1.152221 
1.132640 
0.010036 
1.336932 
1.651383 
0.989705 
-1.729580 
-1.212036 
-0.329412 
0.020703 
-0.003122 
-1.071842 
1.379357 
1.035516 
-0.278359 
-0.825733 
-0.134454 
0.147089 
1.131961 
1.677299 
-1.097992 
-0.909140 
-0.794246 
2.042031 
0.787068 
1.558433 
-0.327383 
-0.086138 
0.745735 
-0.987605 
0.489192 
-1.791161 
-0.815188 
1.089321 
-2.073190 
-1.248700 
-2.517137 
1.891607 
0.666717 
2.885272 
-1.318179 
1.283408 
1.029503 
-1.328925 
-0.081065 
-0.446983 
-0.279150 
1.436728 
-0.353972 
-0.824039 
0.239340 
-1.334219 
-0.292103 
1.188815 
2.952222 
-0.967615 
-0.740497 
-1.383918 
-0.256345 
1.652011 
-0.599702 
-1.921620 
1.502182 
1.924541 
2.979122 
1.806927 
-1.533347 
-0.517046 
-0.789602 
1.876986 
-1.336655 
-1.214185 
-0.475169 
1.581766 
-3.001728 
1.353612 
1.402100 
-0.236085 
0.871242 
-0.148663 
1.088137 
-2.132662 
-1.431277 
1.002757 
0.677868 
-1.524192 
-1.471414 
0.988479 
1.522549 
-1.343064 
-2.093272 
-2.602615 
-0.619425 
-0.687026 
-0.468168 
1.706544 
-1.788329 
1.658885 
-0.265724 
-0.593719 
0.946310 
1.123063 
0.577560 
1.908280 
2.813631 
0.437782 
1.857769 
-2.220502 
2.708679 
-1.590476 
-1.147796 
1.077179 
-0.535610 
0.387385 
0.701204 
1.771311 
-0.559532 
0.864926 
1.453867 
1.024833 
1.068749 
2.225443 
-1.295063 
2.336958 
0.461797 
-1.613755 
0.778687 
1.061250 
0.625375 
0.314675 
0.039081 
0.126203 
0.674071 
-1.144055 
0.183381 
-1.078711 
-0.921450 
0.951011 
-1.380876 
1.061987 
-1.964022 
0.578250 
-0.836539 
-0.951256 
-1.597647 
-0.659055 
-0.397025 
-2.070684 
-1.884061 
0.480199 
-0.684849 
-0.033292 
0.267873 
-1.007239 
-1.613039 
-0.282701 
0.336846 
-1.398648 
-0.365788 
-1.292746 
0.580443 
1.295116 
0.453128 
-0.205586 
0.515038 
-0.943800 
1.584894 
-1.332589 
-0.304465 
1.523663 
1.228307 
0.487785 
-2.036625 
0.334011 
1.638105 
0.492842 
-0.861262 
1.777622 
1.992033 
2.263585 
2.264314 
0.676933 
-1.135331 
-1.633583 
-0.889637 
-0.446578 
-0.575858 
-1.897853 
1.293687 
-2.520145 
-3.259548 
0.159769 
-0.670744 
-1.433608 
-0.571806 
-1.323076 
-0.151444 
-2.464704 
1.955598 
-0.369566 
-0.765351 
-1.197156 
0.150375 
-1.171345 
1.769288 
0.494432 
-0.250081 
-0.654848 
-0.726436 
2.482552 
0.041429 
-0.945339 
0.650401 
0.136880 
0.733875 
-1.802470 
-0.559315 
-0.442763 
-0.069884 
-2.296669 
1.132901 
-0.487871 
1.122129 
-1.082211 
1.368311 
1.723209 
-0.956011 
1.204700 
-0.011471 
1.133478 
-1.074728 
1.559441 
-0.690141 
-0.888128 
-3.250011 
1.100212 
-1.113294 
-0.666106 
2.263604 
-0.137726 
2.524516 
0.476446 
0.001818 
0.892973 
1.388922 
0.839903 
0.737291 
-0.505964 
-1.750623 
-0.109302 
0.547430 
1.577513 
-1.118856 
-0.648230 
-0.840453 
0.904750 
-0.862500 
0.314340 
-0.205066 
-1.206996 
-1.212199 
-1.114162 
-1.350194 
-1.503391 
-0.199328 
1.713415 
-1.512257 
-0.151827 
-1.713847 
0.212589 
0.926777 
1.083565 
0.086887 
0.687765 
2.611555 
-0.470067 
1.478144 
0.576351 
0.125381 
-0.863137 
-2.383210 
-1.263426 
1.820835 
-1.026297 
-0.233072 
0.351248 
1.669915 
-1.470293 
-0.225942 
-0.750269 
0.945605 
0.091567 
0.580053 
0.315145 
1.741290 
-0.829477 
0.938225 
-1.155430 
0.046224 
0.395900 
0.263292 
1.675226 
-0.383277 
0.284149 
1.417470 
-1.063783 
-1.155028 
0.686616 
0.445372 
-2.063525 
-1.694049 
-1.924613 
-0.618641 
2.019053 
-1.088575 
1.688016 
1.343681 
-1.652482 
-0.406017 
-1.376865 
0.728126 
-2.763937 
1.124684 
-0.712804 
0.023982 
-1.123513 
-1.228503 
-1.908436 
2.957958 
0.236809 
0.123973 
0.936956 
1.708564 
-1.658805 
-1.329290 
0.653948 
1.198607 
0.415633 
-1.420627 
-0.287921 
1.764384 
-1.096928 
1.310208 
1.403264 
-1.171165 
0.088162 
-1.581845 
-0.821749 
-1.582704 
1.426659 
0.739494 
-1.360894 
0.360699 
0.162355 
-1.494417 
0.284025 
-1.292704 
-0.521266 
-0.121027 
1.279626 
0.190997 
2.032652 
-1.272743 
0.300169 
-2.113744 
-2.025551 
-0.935896 
-0.301188 
1.075842 
0.953378 
1.290758 
1.445607 
-0.371450 
-0.557187 
0.979245 
1.226981 
-1.265002 
-1.565620 
-1.261665 
-1.752544 
-1.519437 
-1.554934 
-1.031024 
1.389316 
2.464514 
1.454457 
-1.139826 
1.653817 
-1.752038 
2.751719 
-0.805385 
-0.464098 
-1.562211 
0.827119 
-1.101050 
-1.146702 
2.202186 
-1.547096 
-0.154590 
-1.012663 
-1.179730 
-0.807459 
0.313700 
-1.570359 
1.135632 
0.957682 
1.433765 
-0.016055 
-0.081829 
-0.062417 
-0.620459 
0.459364 
1.565300 
-1.252989 
-1.210462 
1.379465 
2.589881 
-0.545403 
-1.493062 
0.180655 
-1.951420 
-1.098335 
0.179951 
-1.526874 
0.101496 
1.843222 
1.679415 
0.494139 
1.223786 
-0.162344 
1.964076 
-0.445304 
-0.350535 
1.654344 
0.255256 
-0.248980 
-1.473199 
1.655458 
0.179072 
-1.155074 
-0.715451 
-0.408786 
0.615060 
1.327996 
-1.433405 
-1.036267 
-1.112522 
-1.708517 
-0.869036 
-1.819231 
1.244616 
2.158189 
0.808573 
1.030345 
2.830984 
-0.276145 
-1.841635 
-0.051518 
-1.526645 
1.851158 
0.436856 
-1.529562 
-2.562252 
-2.638569 
-1.337462 
-0.404940 
1.380514 
-1.407437 
-2.126555 
1.227820 
-0.884242 
-1.686199 
1.267896 
-0.421526 
-0.066756 
2.172790 
-1.070873 
2.237030 
1.297939 
0.833209 
1.603445 
-2.195786 
-1.853656 
2.845331 
0.554615 
-1.224468 
0.469294 
-1.168207 
-0.226769 
1.071399 
-1.478500 
-1.285157 
-1.338494 
0.856427 
-2.356834 
-0.989804 
0.086996 
0.260884 
1.190834 
-0.467061 
-0.234117 
1.577277 
-1.014284 
-0.384614 
-1.678244 
-1.276509 
-1.450209 
0.626882 
-1.897871 
-1.716497 
0.384768 
-1.246225 
0.855163 
-1.177667 
1.730484 
0.952163 
0.072430 
-0.634850 
-0.728400 
-1.425298 
-1.239300 
1.031393 
1.209001 
-0.373150 
-1.785262 
-0.744288 
-1.259754 
1.122649 
1.041943 
0.771183 
-0.557396 
0.568852 
-2.636149 
1.182713 
-0.024525 
0.376020 
0.819592 
1.763113 
1.980848 
-1.749779 
-2.321655 
-1.120353 
-0.784796 
2.230781 
0.555067 
0.269020 
-0.762434 
-1.795151 
0.196088 
-1.088252 
0.467213 
-0.218380 
0.897435 
-0.114024 
-1.153561 
1.677046 
-1.677456 
-2.344055 
0.147946 
1.244444 
-2.639353 
-0.085550 
0.150990 
-1.431863 
-1.815502 
0.686541 
1.053383 
1.304880 
-1.233775 
-0.143340 
-0.939729 
0.878447 
1.451634 
1.390897 
-0.839186 
1.763102 
-2.526579 
2.237911 
1.935991 
-1.478533 
0.697037 
0.164948 
0.698405 
-1.266504 
-0.083915 
0.780326 
0.495896 
0.844587 
1.812248 
-1.362173 
1.185676 
0.579258 
1.933194 
0.881212 
1.877193 
0.379501 
1.345802 
3.035433 
1.507451 
-1.440624 
-0.649940 
-0.360875 
1.126814 
-0.823295 
1.974613 
-0.117037 
0.358784 
-0.231606 
1.622049 
-0.670265 
2.230488 
-1.733039 
1.662412 
0.528455 
2.086989 
-1.555650 
-1.292411 
-0.732127 
-0.608323 
-1.281179 
1.720062 
2.319851 
1.620384 
-1.405745 
-1.991291 
-2.620870 
-0.870586 
0.589448 
0.857480 
-1.559978 
1.842903 
-0.495424 
0.989555 
0.445749 
-0.577898 
-0.080273 
0.250110 
0.209014 
0.898369 
2.005793 
-1.548961 
-1.373915 
1.403884 
-1.227071 
-1.025081 
1.074136 
-0.401625 
0.070614 
0.124438 
0.922335 
-2.506151 
-1.317926 
-1.588588 
0.619492 
0.784676 
0.969450 
0.996864 
0.620754 
1.290000 
0.364011 
1.634422 
-0.177300 
1.005113 
-2.272550 
0.871529 
-0.712364 
0.295691 
-0.746541 
0.773943 
2.283181 
-1.902140 
1.452455 
0.542809 
-0.903104 
-0.654418 
2.315927 
-0.836506 
-0.797891 
1.304269 
-1.578259 
2.978905 
1.966334 
0.541624 
0.523464 
0.821825 
-1.511662 
1.145665 
-0.373282 
-1.325687 
-1.710887 
0.560709 
0.799699 
2.194734 
-0.074550 
2.051593 
0.812122 
0.180203 
-1.428341 
0.553094 
1.814973 
1.997045 
-1.363687 
1.682968 
0.105204 
-0.753496 
0.904185 
-1.455192 
-1.075004 
-0.927919 
-0.118702 
-1.766168 
-0.615794 
-1.212733 
2.161764 
0.481035 
2.322954 
0.711607 
-1.404163 
1.026827 
1.995796 
2.742501 
1.270385 
0.068212 
-0.549247 
-0.810611 
-1.678647 
-1.191553 
-1.632674 
1.734470 
1.020898 
1.607189 
0.390075 
0.409144 
0.000861 
-1.738440 
0.989340 
-0.325053 
-0.083495 
-0.704689 
1.917902 
-0.958935 
0.308924 
-1.075142 
0.702376 
1.760344 
0.011203 
-0.700820 
2.546324 
-0.905828 
-1.545484 
1.887522 
2.454917 
0.916291 
-1.188130 
-2.031222 
-0.868617 
-1.413956 
-0.242144 
1.348860 
-2.321353 
-1.209610 
1.451529 
2.015837 
-0.460665 
-1.330617 
-2.185847 
-2.050152 
0.532640 
0.507590 
1.268308 
-2.144650 
-0.474130 
-1.012596 
-0.603459 
0.318836 
0.790592 
2.386687 
-0.113795 
0.377620 
1.727607 
-1.006970 
-2.260501 
1.688398 
0.231991 
-0.319602 
-2.200071 
-1.486585 
0.473049 
-1.360622 
-1.328904 
0.342052 
-0.833283 
0.458111 
-1.360418 
2.090709 
0.973187 
1.656572 
-2.150296 
-0.919216 
-1.498534 
0.930430 
-1.656435 
1.793770 
-1.029443 
-2.068103 
-0.419617 
0.980609 
1.587368 
-1.139811 
-2.050235 
-0.703720 
-0.230432 
1.076939 
1.123977 
1.314255 
-1.252361 
-0.207897 
-0.719118 
-2.303849 
0.349176 
0.646548 
-0.172331 
-0.968441 
0.925997 
-1.491635 
-2.142536 
-1.965121 
0.560793 
-2.037746 
-1.491337 
0.317177 
0.787581 
1.543183 
-0.596000 
1.350259 
0.696355 
-3.224647 
-0.798255 
0.512136 
-0.146710 
1.171741 
-0.016280 
-0.109638 
0.158392 
-1.480582 
1.149948 
0.266663 
1.081248 
1.477846 
-1.756483 
-1.638607 
-0.718994 
0.473412 
0.440233 
-0.501988 
-0.368109 
1.051999 
0.638289 
1.279769 
-0.626524 
0.132588 
-2.572992 
0.080835 
2.138401 
2.100160 
-1.955079 
1.395824 
-1.365616 
0.725872 
0.926392 
-0.632727 
1.034962 
-0.380912 
-0.700836 
-2.143344 
1.545816 
-2.696275 
1.809108 
1.098780 
0.101623 
-2.626997 
1.182332 
-0.686048 
0.514850 
0.171477 
0.190002 
-0.335006 
1.925274 
1.074961 
0.800325 
1.532342 
2.593520 
1.722472 
1.102695 
0.901723 
0.283108 
-0.307059 
0.223291 
0.968251 
0.146213 
0.964779 
-0.743882 
-0.568157 
-1.063575 
0.029696 
0.753760 
0.749986 
0.776305 
-0.086472 
0.148570 
1.229370 
-0.609171 
-2.130836 
2.329983 
-0.004516 
-1.590213 
0.125724 
1.246564 
0.901050 
0.708978 
-1.015934 
-1.352546 
2.369570 
-0.212575 
1.269566 
-0.942559 
-1.183419 
-1.601937 
1.048799 
-2.495353 
-1.133577 
0.129928 
-0.193587 
1.106378 
-2.145616 
0.892567 
1.268457 
0.324740 
0.867364 
-0.871258 
1.430298 
1.292547 
1.815352 
-1.107781 
0.199860 
-1.034011 
-0.757059 
-1.036696 
1.361885 
1.222727 
1.316929 
-0.075770 
1.741820 
2.352477 
0.468769 
-0.674103 
-1.829543 
0.820245 
-0.312427 
-0.922594 
1.631908 
1.752140 
-0.132918 
1.028656 
-1.248320 
-1.743846 
0.901253 
-2.607739 
-0.467448 
1.642143 
2.054433 
-1.132635 
-1.357258 
0.745081 
0.578118 
2.479016 
-0.088107 
-1.202317 
-0.662691 
1.474385 
-0.345223 
-1.202579 
-0.892690 
1.134893 
-0.120553 
0.320725 
-2.150550 
0.583393 
-1.876673 
-0.922319 
-1.269284 
-0.004365 
-1.049749 
-1.610124 
-1.484762 
1.762899 
1.820677 
-0.768439 
1.926283 
-0.054792 
-0.765019 
1.297558 
-0.336399 
1.070608 
0.731255 
-1.619649 
-1.542268 
0.321967 
0.787005 
0.694130 
0.152207 
0.314543 
1.372662 
0.552816 
-1.372162 
0.160363 
-0.565479 
1.458908 
0.552032 
-0.263673 
-0.273784 
-0.057086 
3.171334 
1.681122 
0.213389 
-0.661289 
1.063251 
1.005831 
1.726096 
1.324212 
1.159052 
-0.096018 
-2.615016 
0.600458 
1.255048 
-1.638091 
0.016187 
-0.406243 
1.484232 
-1.396453 
1.085986 
-0.420011 
-1.611270 
1.054962 
0.347095 
0.357082 
-2.010314 
0.476660 
0.056205 
1.626044 
0.720302 
-1.540709 
1.542005 
1.800541 
0.100390 
2.449669 
-0.815722 
-2.150059 
-1.330666 
-1.082554 
-0.992691 
1.219716 
0.935414 
-0.468948 
2.138693 
-0.958812 
0.306855 
-1.569066 
-1.487137 
-1.307583 
-1.895952 
-2.064066 
-1.340954 
0.570538 
-0.677302 
-1.912491 
-0.911018 
0.647162 
-0.010708 
-0.982696 
-0.679751 
-1.057150 
-0.391676 
-0.360995 
2.327440 
-0.040512 
0.834324 
1.227857 
-0.654284 
-0.821945 
1.232259 
-0.471317 
-0.048968 
-0.075828 
0.469134 
-0.564684 
-1.196845 
-0.474661 
-2.135760 
-0.151928 
-1.079522 
-1.501140 
-0.763585 
1.500368 
2.463467 
-0.847126 
0.922980 
-0.934865 
0.267322 
-1.163713 
-1.246601 
-0.289055 
-0.074715 
-2.004847 
-0.796988 
-1.383793 
-1.554961 
1.425963 
-1.645114 
-1.157455 
0.902573 
1.055720 
0.954537 
-1.111317 
2.894039 
-1.053886 
-0.697545 
2.064697 
1.253097 
0.201384 
1.340862 
1.141229 
1.897885 
-1.677083 
1.695726 
0.617131 
2.567138 
0.897289 
2.407524 
1.485919 
-0.589854 
1.623680 
1.659721 
0.257453 
-1.192181 
-1.600061 
1.082070 
0.002774 
1.626902 
0.884539 
0.280102 
0.693202 
1.397277 
-2.009384 
-0.443442 
2.871904 
0.341760 
0.776196 
-0.517708 
-1.058721 
-0.248825 
-0.748292 
0.940809 
0.126804 
-1.954903 
0.481754 
-1.600518 
-0.304062 
2.161014 
-1.439956 
1.143688 
-1.207049 
0.208516 
-0.449902 
1.140724 
0.921032 
-1.386750 
-0.513682 
0.478260 
-1.117206 
-1.268210 
-0.264160 
-1.778852 
-1.450535 
2.217936 
1.513217 
0.753377 
0.369991 
3.069065 
-1.575203 
-0.051405 
-1.829355 
0.566437 
1.620381 
1.600167 
-0.859928 
-1.390032 
2.020339 
0.377267 
-0.622894 
-0.975939 
-0.334109 
-1.317300 
0.692705 
1.020340 
-0.641968 
-1.356336 
0.398791 
0.648770 
1.372847 
1.148681 
0.116539 
-1.245278 
1.122875 
1.002647 
1.536118 
-1.858864 
-0.347414 
0.804870 
1.458070 
1.020897 
1.729187 
1.648914 
1.975936 
-1.058756 
1.014050 
1.437200 
-0.545828 
-0.334414 
-1.768077 
-0.391018 
-0.896927 
-0.852915 
-0.782817 
0.173863 
1.220594 
1.245530 
-0.559193 
-1.007982 
-1.382706 
1.666340 
-0.111790 
-1.274748 
1.102663 
0.079228 
-0.410018 
2.011811 
-1.907029 
-1.113388 
-0.631311 
1.772133 
-1.921447 
-1.714953 
0.618097 
-0.159618 
-0.189420 
-1.101640 
-0.810910 
0.725668 
-0.292313 
1.738937 
-0.269757 
1.939881 
0.132910 
-1.024757 
-0.044444 
-0.140824 
0.280807 
-0.092962 
1.099958 
-0.643817 
0.696318 
-2.389985 
-0.221587 
1.128242 
0.363147 
1.449050 
-1.759070 
-0.527527 
0.095078 
1.266173 
1.195647 
1.409408 
1.167541 
-0.819053 
-0.593003 
0.305845 
-1.133264 
2.225172 
-1.772643 
0.276168 
-0.622738 
1.406307 
0.386305 
-2.259073 
1.066757 
0.035759 
1.931029 
1.204689 
1.606892 
0.126153 
-0.009193 
-0.204575 
0.195119 
-1.343980 
-0.154272 
1.550744 
0.879018 
-0.177405 
-0.553785 
0.523771 
0.460718 
1.051853 
-0.655936 
1.731676 
1.155796 
-1.076528 
-0.186826 
-0.554511 
-1.051556 
1.662806 
-1.681860 
0.145967 
0.195679 
-0.549779 
-0.214003 
-2.105010 
1.025883 
-0.307519 
1.170084 
-1.556337 
1.666072 
1.288438 
2.132661 
0.657576 
0.040486 
-1.040068 
1.758487 
-0.277942 
1.314025 
0.945854 
1.532311 
-0.697116 
0.651763 
-1.354575 
-1.550054 
-0.479612 
0.475967 
0.361273 
0.669586 
0.799231 
-2.002617 
0.846141 
0.308832 
-1.634323 
-0.982589 
0.287779 
-1.867881 
-2.011879 
3.081842 
-0.307438 
0.944214 
-0.661878 
0.502249 
-1.703138 
0.950271 
0.324511 
1.385415 
1.424333 
0.340310 
-2.339130 
-0.027090 
1.730965 
-0.711282 
0.347605 
-0.797567 
1.517799 
-0.482841 
-1.933713 
-0.270518 
1.124948 
-0.961412 
-1.766945 
1.581399 
0.347139 
-2.385451 
0.816499 
-2.856440 
1.331997 
-1.226717 
1.467397 
1.624310 
-2.592234 
-1.655650 
0.871445 
-1.044586 
2.240271 
1.244637 
-0.837065 
-3.270897 
0.462728 
-1.384088 
0.988645 
1.803378 
-0.097451 
-0.853527 
0.971916 
-1.746847 
-0.039975 
-1.576481 
-1.333890 
1.418094 
2.130780 
0.967214 
-1.155433 
-1.100540 
-0.420324 
1.084999 
1.883479 
0.787255 
2.193962 
0.454384 
-1.881123 
0.040419 
1.579873 
-0.717930 
1.310491 
0.650261 
-0.474586 
-2.247846 
-0.612291 
-0.163667 
-2.783160 
0.788533 
0.704360 
1.268540 
1.212179 
-0.206884 
2.800880 
-1.786143 
2.326728 
1.264538 
-0.868730 
-2.454098 
-0.300115 
-1.594154 
-0.083767 
1.469111 
-0.305461 
-1.591876 
0.331842 
0.077443 
0.754863 
-0.833285 
1.205258 
-0.790317 
1.214309 
-0.454344 
0.721798 
0.776761 
-1.648805 
0.668865 
2.266068 
0.463744 
0.979611 
-1.185590 
0.656558 
-1.381321 
1.122944 
1.394585 
-0.618665 
1.137722 
-2.107864 
0.918416 
2.462790 
-1.742923 
-0.546650 
0.999579 
2.241660 
-1.117331 
-0.374888 
1.818384 
-0.750662 
0.899947 
-1.278004 
1.889320 
0.915915 
0.359408 
-1.088229 
0.415394 
-0.974794 
-1.659804 
0.961910 
-1.635982 
0.821356 
-1.325881 
0.977611 
-1.820434 
0.816527 
0.465586 
-0.146312 
-0.373029 
1.356447 
-0.741170 
1.005894 
-1.807477 
1.094182 
1.329412 
-1.967031 
1.617693 
0.881407 
0.956422 
-1.712247 
2.204261 
0.738935 
1.372152 
-0.254078 
-1.263842 
-0.405295 
0.766588 
-1.324875 
-1.888460 
-1.830195 
1.058507 
-0.306274 
0.121585 
1.065119 
-0.805770 
-2.037671 
-0.477012 
-1.613602 
-0.824126 
-0.784971 
-1.423982 
-1.519017 
-1.606023 
-1.343604 
1.058514 
-0.778147 
-0.761623 
0.393280 
-0.193541 
0.117375 
-0.885709 
1.449760 
0.117297 
0.655094 
-0.563771 
2.592991 
1.169472 
0.969510 
-0.871052 
0.103091 
3.118830 
-1.747187 
-1.116216 
-1.482984 
1.332206 
-0.473467 
-0.747867 
-0.838268 
-0.721974 
0.470757 
2.517237 
1.146008 
-1.892397 
-0.436836 
2.060872 
-1.097125 
1.550130 
-1.806303 
0.556593 
-0.480392 
2.525512 
-2.000272 
1.201554 
1.151918 
-1.301725 
-0.663281 
1.787329 
-0.857916 
2.614842 
1.560490 
-0.155848 
0.125213 
1.724137 
2.267328 
1.025071 
-0.715197 
0.429859 
1.198627 
1.637190 
0.781391 
0.693511 
1.049257 
-2.022501 
0.874390 
1.358169 
0.419955 
-1.434171 
2.039832 
1.504527 
1.140433 
-2.984789 
0.259795 
-1.992253 
1.668434 
2.286012 
0.410367 
1.299989 
-0.185252 
-0.111112 
1.589261 
-1.005833 
-0.650740 
2.208124 
1.373630 
-0.305038 
1.281055 
-1.479475 
-1.123288 
-1.162944 
0.328878 
-1.383849 
0.178424 
1.138882 
-0.564213 
0.859638 
-0.663199 
2.511644 
-0.539175 
-1.162715 
1.105100 
0.938511 
-0.532821 
0.139386 
-1.080545 
-0.781593 
0.601054 
1.318838 
1.671372 
-1.919133 
0.471965 
-0.566762 
1.017570 
-0.885921 
-1.707334 
1.392141 
-1.338297 
0.435025 
-1.019492 
-1.046072 
-1.708525 
1.327185 
-2.024457 
-0.793591 
0.433981 
1.239317 
-1.360989 
0.411939 
-0.999403 
-0.525605 
-0.970089 
0.331507 
1.131253 
-0.886348 
1.502475 
-1.224868 
2.465110 
-0.230789 
2.022326 
-1.275018 
-1.629734 
1.363548 
0.451390 
-0.598208 
1.376332 
0.615666 
-0.506553 
-0.553091 
0.367643 
1.395563 
-1.111850 
-1.212600 
0.944745 
-1.084552 
-1.293178 
-1.981850 
-0.788032 
0.872226 
1.173217 
0.594584 
-1.273159 
-1.768297 
-0.401891 
1.087010 
1.234468 
0.220557 
2.755693 
-0.496341 
-0.836417 
-0.103536 
-1.808822 
-1.880986 
1.713347 
-1.835930 
1.576844 
-1.449232 
-0.197860 
0.914139 
-0.168981 
0.204378 
-1.062593 
0.446876 
2.064404 
0.368313 
-2.329804 
-1.307068 
0.758249 
-1.386600 
0.814034 
2.443509 
-0.400094 
-0.692411 
0.173534 
-0.592383 
1.458430 
-0.235265 
-0.311999 
-2.380434 
-0.320806 
0.669554 
0.873395 
-0.549221 
0.908573 
-1.481263 
2.164950 
-0.913592 
1.505518 
0.628024 
0.945893 
-1.156378 
2.275619 
1.285433 
-1.581158 
-1.474704 
-0.606601 
-0.856471 
-1.353370 
1.274694 
2.827363 
1.942867 
2.004529 
-0.443537 
2.426532 
-0.601958 
-1.702332 
0.496202 
0.465615 
-1.049465 
-0.152076 
0.426017 
0.719742 
-0.007084 
-0.220757 
-1.687637 
1.041673 
1.526192 
0.513123 
-1.245400 
-0.838454 
-0.770454 
0.364770 
-0.420988 
0.055260 
0.465768 
-0.917468 
-0.220365 
0.714989 
0.873696 
0.700516 
2.352588 
0.386463 
-0.605952 
0.662721 
-0.407679 
0.193945 
-0.694906 
-2.193264 
1.928191 
-0.373548 
-0.596660 
-2.138924 
-0.588535 
-1.071573 
-0.586834 
-1.385535 
0.730015 
0.083796 
-0.634337 
1.574506 
1.491739 
-0.697567 
-1.738651 
-2.202829 
-0.070784 
1.951829 
-0.007270 
1.384964 
1.031940 
0.484303 
-2.536815 
-1.991337 
-0.564864 
-1.450219 
0.629641 
-2.484162 
-0.414065 
-0.469079 
-0.078660 
-0.431391 
-0.657683 
0.696729 
-1.969806 
-2.356851 
1.403612 
1.285401 
-0.457431 
0.600463 
0.125777 
-1.533753 
0.318474 
0.686332 
0.930282 
1.465789 
-0.582419 
-0.863108 
-0.881002 
0.118550 
-1.594981 
1.330439 
-0.124433 
-1.094876 
0.758824 
0.520804 
0.846085 
2.184593 
0.927122 
0.448923 
1.957582 
-0.511409 
-1.399235 
0.637950 
2.866848 
-0.224067 
-0.794614 
-1.614630 
0.334785 
0.452458 
1.169761 
-1.645485 
1.507451 
1.149346 
0.004499 
0.105578 
-1.200415 
1.511236 
2.000400 
0.323757 
0.783643 
0.947221 
0.014179 
1.718317 
-0.608716 
0.628295 
0.162833 
-0.089964 
0.068304 
0.440785 
-0.230485 
-1.440895 
1.135664 
-0.862212 
0.783546 
-2.404501 
0.410428 
-0.781115 
0.181403 
-1.318731 
1.657117 
0.479975 
-0.371283 
-1.964753 
-0.056806 
1.294909 
1.023844 
3.286233 
-1.287940 
1.340684 
1.085716 
-0.252977 
0.395219 
0.007282 
-1.296939 
-0.996672 
-0.584493 
-0.671517 
-1.126711 
-0.840267 
-1.027669 
-1.151084 
-1.233476 
-1.295031 
-1.557977 
-0.789080 
-1.154925 
-1.707153 
-1.072898 
0.505988 
2.601185 
-0.378997 
0.017156 
1.679862 
-0.126210 
0.652059 
0.507484 
-1.196176 
-0.724144 
-1.499757 
0.858092 
0.719871 
1.993696 
-0.976941 
0.898434 
-1.329354 
-0.934907 
-1.034738 
2.255927 
-0.128676 
1.287813 
1.014539 
-1.879861 
-0.907082 
1.045952 
-1.333190 
-1.244944 
-0.432751 
1.276549 
1.264462 
1.339600 
-0.491219 
1.439666 
3.094642 
2.510013 
0.857680 
0.473526 
0.007208 
-1.248268 
1.005866 
2.245068 
-0.848404 
-0.152382 
-0.310021 
-1.288281 
0.372962 
-0.802446 
1.830070 
-1.041171 
2.172594 
-0.009986 
-1.414937 
-0.883574 
-0.558197 
-0.653834 
-0.591627 
-0.876162 
2.333734 
-0.847846 
1.501162 
0.542775 
0.927261 
0.787723 
-0.287138 
1.003716 
-0.403831 
0.816067 
1.085795 
1.577774 
0.085883 
0.445555 
-0.556266 
-0.416920 
1.369043 
-1.382013 
-0.557517 
-0.779938 
-1.394220 
-0.921617 
1.494098 
0.933548 
0.810157 
-2.611309 
1.172931 
-1.493845 
0.433121 
0.100318 
-1.447907 
2.744596 
-1.922060 
-1.309386 
2.610528 
-1.599920 
2.325565 
-0.681855 
0.363815 
-2.369996 
0.593534 
-1.115082 
1.365995 
0.105030 
-1.854061 
-1.363598 
1.247702 
0.051252 
-2.746736 
-0.634259 
0.724138 
0.570606 
-0.976172 
0.485143 
-2.171466 
-0.652181 
-1.955792 
0.726637 
0.886756 
-0.593055 
1.897679 
-0.115195 
-0.964647 
-1.314909 
1.158612 
-2.750135 
-1.997931 
-0.563190 
1.730615 
-1.021881 
-1.889791 
0.804751 
0.491262 
-0.542121 
0.058179 
2.003937 
-0.776619 
-0.671504 
0.131581 
0.431275 
-1.551440 
0.573213 
-0.294952 
-0.393897 
1.265383 
0.066806 
0.833741 
1.783394 
-0.927345 
3.148887 
-1.262051 
1.286939 
1.839837 
-0.280643 
-0.857766 
-0.587298 
1.009018 
-0.200613 
-1.893597 
2.726214 
1.785157 
-0.003063 
1.527628 
1.389594 
0.966579 
0.244979 
-0.637571 
-1.747678 
1.844434 
1.989152 
-0.856336 
2.156724 
1.125837 
0.033850 
-0.816984 
-1.895322 
-0.454938 
-0.380707 
0.900124 
-1.604700 
0.900857 
-0.102339 
1.095087 
0.512444 
1.628407 
-1.136778 
1.804802 
-2.142203 
0.569861 
0.596249 
-0.546400 
-0.802904 
0.425116 
4.136020 
1.448639 
-0.119004 
0.560850 
-1.027126 
-1.387921 
0.829423 
-0.290659 
-1.760589 
-1.015769 
1.827398 
-1.361154 
0.932577 
-0.861000 
-1.574503 
-1.317980 
1.264919 
0.659797 
2.997849 
3.290713 
1.183160 
-1.709223 
-0.244997 
1.569646 
-0.243778 
-0.239776 
0.028148 
0.032362 
1.047727 
-1.512929 
2.010721 
1.100935 
-1.661548 
0.524217 
0.529898 
1.428112 
1.834635 
0.923116 
0.296397 
1.230822 
-3.144261 
2.167577 
2.456384 
-2.075712 
-0.697914 
0.481889 
1.028039 
1.714077 
1.056306 
-0.030340 
0.026759 
1.950482 
2.374977 
0.767334 
-0.591922 
1.425686 
-1.059665 
0.089813 
-0.971206 
-2.009505 
0.883779 
-0.984651 
0.503770 
1.228015 
-1.611745 
0.176709 
0.663199 
0.222828 
0.779185 
0.035587 
1.911163 
-1.067584 
0.784562 
0.694302 
1.345474 
0.479215 
-1.675992 
0.395786 
1.515446 
1.041222 
-2.657730 
-1.039304 
-0.062923 
0.367302 
-1.992638 
1.123955 
-1.688934 
2.363786 
2.230607 
0.461933 
-1.374298 
-0.665510 
0.420868 
1.009922 
1.552860 
-0.810181 
0.858037 
-1.598269 
1.293340 
-0.640274 
1.891474 
2.217431 
-1.533543 
-0.613195 
0.686457 
-1.990936 
0.544608 
0.262941 
-0.537020 
-0.603166 
0.086650 
-0.468205 
-1.067052 
-1.457024 
1.593728 
2.144086 
-1.313373 
-0.806244 
-1.549517 
1.050937 
-1.011743 
0.272156 
-0.730264 
-0.330708 
-0.344101 
-1.569762 
-0.681752 
0.633445 
-1.916170 
-0.807349 
0.057453 
-1.704439 
1.180918 
-2.494064 
0.745383 
-0.240895 
-0.523126 
-1.723074 
-1.014632 
0.214102 
-0.395357 
0.173688 
0.703939 
-0.121185 
-0.581554 
-0.849672 
-1.917711 
0.047387 
-0.695517 
1.057709 
-0.477424 
0.575669 
-1.261102 
-1.213146 
1.188490 
0.253783 
-1.432085 
0.691694 
0.181574 
2.371913 
0.586968 
-1.507215 
-0.082821 
0.307894 
1.311280 
-0.701902 
-1.738610 
0.913943 
-2.479441 
-0.007131 
-2.513486 
0.710594 
1.024956 
-0.073294 
-0.178121 
0.235971 
-0.340046 
-1.716616 
0.647425 
1.412980 
0.187905 
-2.417155 
1.453690 
1.251310 
1.078757 
-1.059062 
2.476151 
1.544697 
1.234403 
0.169928 
0.952089 
-0.657990 
-0.990198 
1.481550 
1.936285 
1.212160 
0.305782 
1.480418 
0.049336 
0.617337 
0.060663 
1.537640 
0.420874 
2.230120 
0.554869 
-0.436918 
-0.569497 
0.319015 
-1.298999 
2.420228 
-1.045937 
0.182239 
-0.826196 
2.120314 
-2.161816 
0.917230 
-0.931355 
-0.470806 
0.043450 
2.069203 
1.161667 
-2.101729 
-2.641167 
-0.301241 
0.459768 
1.191758 
-2.131349 
-1.299952 
1.914753 
0.282744 
0.394237 
0.225499 
-1.239389 
-1.772143 
1.186929 
1.426566 
-0.333695 
-2.062187 
-0.993407 
-1.893194 
1.405760 
-0.198145 
-1.239047 
1.715445 
-0.895683 
1.279841 
-2.998552 
-0.787678 
2.753564 
0.217999 
-2.275249 
1.551170 
-0.932678 
0.021571 
0.016967 
-1.422228 
-0.958419 
-0.863647 
0.800911 
0.988481 
0.703525 
0.681317 
1.465026 
-1.346001 
-2.184202 
-1.849756 
-0.436209 
0.130851 
-2.710337 
-0.368296 
1.040251 
-1.734351 
-1.752175 
1.330107 
-0.245846 
-1.517456 
0.701150 
-1.184488 
0.102357 
0.358971 
-2.068036 
-0.510188 
0.078756 
-0.173306 
-0.573422 
2.885223 
1.441189 
-0.486624 
1.667273 
1.189136 
-1.314494 
0.603334 
2.598403 
-0.996778 
2.078462 
-0.993624 
0.953897 
0.433472 
1.258547 
0.120401 
-0.881146 
-0.640550 
-0.063083 
-0.529105 
1.247883 
-1.776993 
-1.094378 
0.511299 
0.139424 
0.901411 
0.345891 
2.066911 
-1.211119 
0.015428 
0.523173 
0.872414 
-1.818579 
-0.283192 
2.217054 
0.019625 
-0.206327 
0.340684 
0.575522 
1.198164 
-0.472166 
-0.643444 
-1.402366 
0.241545 
-1.831455 
-1.278000 
-1.799694 
-0.606314 
1.778021 
-1.124689 
1.229543 
0.428785 
2.514253 
-0.702734 
-1.062303 
-0.853635 
-0.321074 
-2.170544 
-0.228483 
-1.839853 
0.559109 
-0.206800 
1.219147 
1.234085 
-2.076524 
1.434939 
-0.321003 
1.529874 
-0.201185 
-2.012532 
1.689404 
1.284567 
-0.377607 
1.190697 
-1.549749 
-1.301162 
-2.063862 
-1.518555 
-0.518259 
-0.028569 
2.433565 
1.385888 
0.732887 
0.242425 
-1.072483 
0.694167 
2.426367 
3.152595 
1.472269 
-0.103833 
-1.431739 
-0.410936 
1.466522 
-1.904479 
-1.234937 
-2.017175 
-0.373073 
1.096358 
1.601377 
1.486902 
1.170814 
-2.317753 
3.103456 
-1.442455 
1.867524 
1.251582 
0.826226 
-0.671201 
-0.773834 
-0.976011 
-0.000911 
1.525670 
-2.549110 
-0.878164 
-2.343965 
1.622154 
0.673451 
-0.200984 
1.920307 
0.974959 
-0.448756 
0.469821 
-1.611248 
-0.933727 
-1.513869 
-0.072640 
2.204006 
-0.917785 
-1.969618 
-2.318543 
-1.114855 
0.916894 
1.265963 
0.775334 
1.927554 
3.234814 
1.470085 
3.152737 
-1.797799 
-1.213140 
0.131222 
-0.556764 
-0.747895 
0.860829 
-0.275598 
2.054041 
-0.427928 
-1.325208 
0.578607 
-0.498734 
1.036079 
2.111637 
1.793581 
-0.815348 
-0.143866 
1.206468 
2.056697 
-0.130107 
1.797380 
0.533735 
-0.380301 
-1.315866 
2.663549 
1.567231 
-0.865832 
1.355771 
1.681172 
-0.043709 
-1.130807 
-0.470505 
0.496139 
-0.714725 
-1.299273 
-1.245511 
-1.095530 
0.137001 
2.362381 
-1.416463 
-0.088433 
2.531924 
-1.313701 
-0.801953 
-1.018972 
1.672748 
1.729454 
-3.106194 
1.534868 
0.308126 
-1.617790 
-0.623782 
-0.182742 
1.265560 
-0.633393 
1.965453 
-1.372444 
-1.973441 
0.249992 
-0.844850 
-1.132988 
1.750255 
-2.743857 
0.226733 
2.454560 
-0.944441 
-1.225704 
2.036237 
-1.370943 
2.006490 
0.680751 
-1.510288 
0.257780 
-1.890455 
-1.708775 
-0.967273 
1.562725 
-2.439181 
0.006569 
-1.584035 
-2.703780 
0.482603 
-0.468107 
0.968717 
0.756673 
-1.315162 
-2.084572 
-0.220035 
-0.895226 
-2.232049 
0.279800 
-1.009037 
-0.866353 
1.260170 
3.039216 
-1.438920 
-1.117436 
-0.833730 
0.140271 
-1.195002 
1.356384 
-1.796395 
-1.164167 
1.145863 
0.011240 
1.501309 
-1.439503 
0.412584 
0.901258 
-1.324453 
0.549393 
-1.161538 
1.395941 
0.344326 
-0.201404 
1.527167 
0.562256 
-1.680414 
1.137688 
2.524277 
-1.008670 
1.440822 
-0.629708 
-1.335088 
-1.969089 
0.265631 
1.039679 
1.061757 
-1.080832 
-1.054850 
0.061191 
-0.291781 
-0.449464 
1.348200 
0.185718 
0.976026 
-1.036812 
0.043692 
0.215344 
-1.568606 
1.541992 
-1.112599 
-1.691133 
-1.829810 
0.778560 
1.277965 
-0.092980 
1.251104 
0.745585 
-0.285275 
0.877389 
-1.972332 
1.247938 
-1.660937 
0.903936 
0.777163 
-1.464010 
1.048112 
0.935423 
-0.334055 
1.824298 
-1.393240 
-0.327168 
1.404577 
1.249844 
1.412911 
-0.903338 
1.711432 
1.174894 
1.089837 
3.079168 
-2.385323 
-1.071446 
1.872311 
0.007684 
-0.153431 
-0.779004 
-1.550789 
-0.525963 
-0.062185 
-1.384008 
0.788614 
0.374649 
-0.479142 
1.375221 
1.245254 
1.935163 
-1.508205 
-0.510555 
-0.533796 
0.657087 
0.978249 
2.301546 
-0.403972 
-1.260936 
1.526331 
1.417705 
0.498811 
0.143659 
0.931101 
0.715453 
-0.097750 
0.363111 
1.153196 
-0.188142 
1.532087 
-1.251540 
-0.437365 
1.253428 
1.577876 
-1.998266 
1.156304 
-1.906131 
0.406290 
0.354993 
2.022750 
-1.633381 
-1.818344 
0.230071 
1.254815 
-1.766353 
0.344659 
1.542235 
0.634992 
1.772084 
-1.044831 
0.801969 
-1.560265 
-1.121017 
1.308859 
-1.056404 
1.626368 
0.565399 
0.254270 
2.568596 
0.105125 
-1.044454 
1.444996 
-1.871649 
0.767240 
-0.986344 
-1.056088 
0.706721 
-1.775024 
-0.766995 
0.667254 
-2.089514 
-0.874090 
-1.913371 
1.653941 
1.574470 
0.319677 
-1.438659 
-0.952756 
0.468550 
-0.312437 
-0.544199 
-0.475242 
0.219087 
-0.530371 
1.022547 
-1.377083 
-2.426887 
-0.385192 
0.345601 
-0.947654 
0.667481 
-1.762241 
0.046387 
-2.251450 
-0.769754 
0.949418 
2.700174 
0.785606 
0.931531 
0.353672 
-0.007696 
-0.587154 
-0.979633 
-0.451874 
1.968882 
0.380988 
-2.060265 
-1.280904 
1.900551 
-1.361351 
0.732762 
-1.311568 
0.086043 
0.293348 
1.491921 
1.442807 
0.295083 
2.327487 
-1.044335 
0.146784 
0.364915 
-0.952470 
1.199199 
-0.759147 
-1.485656 
1.248091 
-1.310308 
1.556532 
-0.501976 
-2.091446 
-0.644919 
1.221379 
0.374346 
-1.065215 
-2.195400 
-0.270086 
-0.516650 
0.696091 
2.067222 
-0.944591 
-1.879467 
-0.307837 
0.799786 
1.079779 
0.009346 
-0.720111 
0.656757 
0.296760 
-0.227982 
-0.922262 
-1.283905 
0.263452 
1.832278 
1.649300 
0.686177 
2.775748 
-1.031451 
-2.346508 
1.663846 
-0.185073 
-1.483868 
-1.057105 
0.620038 
-0.824853 
0.456916 
0.928352 
-1.846700 
-2.088892 
0.033706 
1.470002 
0.548814 
-1.557150 
-0.779642 
-0.766051 
1.856640 
-0.783605 
-1.334944 
1.092280 
-1.014950 
-2.419476 
0.907151 
-1.672274 
0.361358 
1.882147 
-2.007997 
-1.049988 
1.459849 
2.102340 
-0.908329 
-0.284468 
0.911702 
-0.971458 
0.548280 
-0.798589 
0.581479 
-1.988560 
0.442676 
1.118111 
0.307985 
-1.716441 
0.807194 
0.760267 
1.492862 
-1.170587 
1.929703 
0.878059 
-1.641474 
0.820422 
-1.413994 
-0.079622 
1.513290 
-1.432401 
-0.957727 
-0.613309 
0.885927 
-2.671398 
1.587231 
1.425015 
-0.568418 
0.989914 
0.549632 
0.831813 
-1.878866 
1.654969 
1.566130 
0.781608 
-0.262432 
1.469657 
-2.240515 
0.595253 
0.233946 
-0.943685 
0.367737 
1.477214 
1.361775 
-1.589132 
0.021078 
-2.071080 
-0.015319 
-1.263991 
0.421298 
-0.074690 
-1.145655 
-2.384420 
0.122716 
-0.609994 
1.332968 
0.560337 
0.593740 
0.423580 
1.399897 
0.134140 
-2.147462 
0.483080 
0.713748 
0.138547 
1.981816 
1.707888 
-0.117549 
3.238104 
0.720840 
0.707161 
0.907231 
-0.316015 
-0.341696 
-0.954844 
0.424412 
-1.253067 
-1.378710 
0.354102 
-0.950648 
-0.472516 
-0.453073 
0.838217 
1.579869 
0.963323 
2.079213 
-0.861078 
-1.602518 
-0.153823 
1.168755 
-0.471353 
-0.898520 
-2.541024 
-0.985892 
0.263392 
-1.471448 
-1.893234 
0.269995 
-1.267188 
2.024869 
2.248237 
1.062618 
-1.255425 
-1.050333 
-1.510228 
0.526833 
-0.203041 
-1.727457 
0.676933 
-0.329519 
1.036327 
-0.378469 
0.311913 
0.579137 
1.193232 
-2.349414 
-1.099434 
-0.820833 
1.003524 
-1.155887 
0.845163 
0.572938 
0.376527 
-0.596619 
0.925055 
0.032914 
-0.535157 
0.261822 
0.904470 
-0.587303 
1.251660 
0.871115 
0.663412 
-0.349551 
2.072162 
-0.265659 
-1.731890 
1.073563 
1.966051 
-0.485737 
0.004576 
0.828728 
-0.012695 
0.960553 
-1.285436 
0.169930 
1.872589 
-0.857925 
0.557144 
-0.003048 
-0.248375 
0.840369 
-0.614795 
1.464298 
0.971661 
0.681755 
-1.362091 
-0.504366 
0.492668 
-0.618410 
0.923625 
2.255979 
0.748641 
-0.084439 
1.114572 
0.011089 
-0.686700 
2.187965 
-1.291594 
-0.581509 
-1.605805 
1.023160 
0.159755 
1.690777 
0.291079 
1.031913 
-0.498777 
-0.212146 
-0.178996 
1.270959 
-1.208437 
-2.481886 
-0.696987 
1.423236 
0.407838 
-0.402477 
0.322913 
2.007981 
1.762124 
-1.049177 
-1.803798 
0.399867 
-2.278354 
-1.039128 
-0.875786 
0.753164 
0.731618 
-0.187866 
-1.925184 
1.993860 
-1.298530 
-0.806008 
-0.427575 
1.329174 
-0.652084 
0.636820 
0.855523 
0.749383 
0.123481 
-0.191586 
0.479628 
0.248453 
-1.804231 
0.323540 
-0.874456 
-1.399162 
-1.798586 
-1.853290 
2.129962 
0.004835 
-1.205240 
-0.704594 
-1.292932 
-1.582344 
0.573134 
-0.797372 
1.305389 
-3.051508 
-0.641755 
0.597320 
-1.307558 
3.137845 
-0.188309 
2.352516 
0.923195 
-1.271225 
0.880900 
1.477275 
-0.277071 
1.182350 
1.115853 
-2.641969 
-0.929560 
-1.100155 
0.290190 
1.144754 
0.351925 
-0.418410 
-1.393958 
2.265344 
-0.338451 
-1.543572 
-0.150925 
1.657730 
-1.965077 
1.345933 
-2.198832 
2.557803 
1.757397 
-1.361964 
-0.248456 
-0.337885 
-1.272281 
1.278760 
-0.638777 
-0.728001 
-0.043302 
1.700702 
0.953551 
-1.392370 
1.334920 
-0.821052 
-1.000445 
-0.038034 
-1.307195 
1.078481 
1.364126 
1.075984 
-1.809101 
0.864795 
0.806131 
1.246431 
0.775384 
2.204141 
0.548248 
1.065894 
-2.502622 
0.270018 
1.165537 
-1.898823 
3.349400 
0.812603 
0.629138 
1.110259 
0.189782 
0.530426 
-0.948634 
-2.190523 
-1.838093 
-0.019862 
-0.259312 
-0.821195 
-1.268686 
-0.901430 
0.163179 
-0.187195 
-0.413803 
1.439876 
1.833708 
0.278727 
0.424249 
-0.520164 
-0.351984 
0.857359 
0.764360 
-1.118301 
2.148462 
-0.228446 
0.356814 
-1.008337 
1.203439 
0.098984 
0.382798 
-1.149488 
-0.094180 
1.443481 
0.056465 
-1.598104 
0.577686 
-3.456534 
0.877677 
-1.522085 
-0.885199 
-2.535440 
-2.177576 
-0.160855 
-2.662379 
-0.365883 
-0.204978 
0.223596 
-0.858384 
-0.436984 
-1.071326 
-0.101239 
-0.100526 
1.232352 
2.024128 
1.686681 
0.305668 
1.413602 
1.201963 
-1.080825 
-0.059840 
0.388641 
1.853791 
-0.123682 
-1.129270 
0.489913 
0.345875 
0.890943 
1.358831 
-0.198302 
2.389684 
1.507853 
-1.026504 
1.136123 
0.176095 
-1.307980 
1.613947 
1.398522 
1.342630 
-1.324383 
-1.506383 
0.030122 
-0.594167 
-2.397909 
2.344717 
0.159051 
-0.488065 
-1.254394 
0.232001 
-1.261455 
2.942570 
1.605773 
1.131434 
1.168785 
1.422414 
1.545425 
-1.023338 
-1.193142 
-0.581951 
2.301872 
0.602801 
0.814108 
-0.197890 
-0.114546 
0.118858 
1.510422 
-1.029555 
-0.199571 
-1.697519 
0.554247 
-1.617342 
0.265210 
0.696544 
-1.123178 
-0.874096 
2.795612 
1.309309 
-0.209039 
-0.404303 
1.428978 
-0.563227 
-1.547203 
-1.296148 
-0.265093 
0.025850 
-0.495282 
0.287846 
0.188125 
1.021202 
-1.729071 
-1.360705 
-1.156681 
0.014056 
0.798119 
0.142063 
-0.062355 
0.423194 
1.738943 
1.224298 
-0.952807 
-1.713322 
1.852715 
-0.927929 
0.345147 
0.406415 
0.606593 
0.413842 
-0.806986 
-1.955791 
0.053423 
-1.140620 
-1.114055 
-2.930307 
-0.927867 
-2.679455 
-1.022853 
-0.425375 
-0.127601 
0.790880 
-1.908068 
1.551958 
-0.500792 
-0.607552 
-0.075963 
0.104837 
1.206054 
1.783048 
-2.471405 
-0.396220 
0.540937 
-1.055739 
-0.989214 
1.327642 
0.778323 
-0.062964 
1.243929 
-0.266629 
0.825285 
1.398031 
1.145458 
-1.965096 
-1.029601 
1.165958 
1.001565 
0.695818 
0.736550 
-1.211949 
-1.326964 
-0.992364 
-0.278246 
-1.383124 
1.941363 
0.597525 
0.067180 
0.053884 
0.067621 
-0.259120 
-1.859097 
1.302678 
1.526348 
0.685844 
-0.911305 
1.772871 
1.031783 
-3.222438 
-2.118518 
-1.348226 
1.358612 
-1.150710 
0.718608 
0.091392 
-0.943730 
-1.022408 
-0.702047 
-1.017528 
-0.157301 
-0.744651 
-1.786007 
-1.631071 
0.009673 
1.442613 
0.187235 
2.075204 
-2.047889 
1.724061 
-0.955251 
0.491331 
0.642471 
2.181450 
1.286300 
0.733958 
-1.267559 
-3.124743 
-0.482047 
1.875342 
0.168586 
2.767157 
1.711706 
0.748702 
1.575167 
1.109257 
1.349773 
1.952198 
-0.965917 
2.489235 
0.498058 
-2.621595 
0.874576 
1.664774 
-1.052269 
0.816492 
2.281275 
0.986606 
-1.816890 
1.669977 
0.052714 
0.149839 
-0.771012 
0.363398 
1.084575 
-2.186641 
-0.788443 
-1.595810 
-1.334787 
0.698473 
0.091163 
1.391215 
1.586920 
1.232125 
-0.349671 
-1.359917 
1.468695 
-0.077294 
-1.389395 
-0.821118 
1.547364 
1.790967 
2.265503 
1.564341 
-2.015493 
0.471611 
0.171717 
-2.236274 
1.679628 
-2.976549 
0.746640 
-0.961420 
-1.623866 
-0.405895 
-0.868989 
-0.368797 
1.173909 
1.253116 
-1.079252 
0.038629 
1.172181 
-0.355868 
-0.110859 
0.152884 
1.395817 
-0.233108 
1.703774 
-0.861353 
1.516041 
-0.857607 
-0.324683 
2.468993 
-2.046448 
-1.505424 
0.400354 
1.804148 
1.456040 
-1.790617 
-0.616412 
-0.262123 
0.528613 
1.126085 
1.107044 
-0.513453 
1.598963 
1.557254 
0.283236 
-0.020126 
-0.565730 
-0.779224 
-0.429921 
1.545144 
-0.470339 
-2.162212 
-1.282993 
0.968134 
-1.194265 
0.612227 
1.435230 
1.910524 
1.815361 
-2.167537 
-1.332094 
1.193541 
0.926914 
-1.183973 
2.418230 
1.153725 
1.660928 
-0.524003 
0.359018 
0.598050 
0.710672 
1.960022 
0.476673 
-0.549286 
0.253792 
-0.295839 
-0.532086 
-0.495559 
-0.010427 
0.332149 
-2.398793 
1.755585 
-0.611459 
-1.715387 
-1.990968 
-1.379777 
-0.757155 
-0.396512 
-1.239470 
-0.795087 
1.346394 
-0.633800 
3.347725 
0.699275 
1.205669 
-1.395415 
0.002399 
-0.717829 
0.920699 
-0.825007 
0.855614 
-0.179546 
1.594562 
-2.095461 
2.297205 
0.661656 
1.422574 
0.700021 
-0.681097 
-0.255941 
-0.330259 
1.244489 
-0.350432 
1.748974 
0.933149 
-0.754012 
-0.512134 
0.914243 
0.888961 
0.192080 
-1.965831 
3.644067 
-1.237650 
-2.534576 
-0.602702 
-0.971318 
-0.505796 
0.807349 
-1.196329 
-1.439453 
-0.478867 
-2.751501 
-1.999474 
-0.699222 
2.255262 
-0.438704 
-0.612328 
-2.285634 
-0.268970 
0.515278 
1.166652 
-1.331811 
-0.004997 
0.458434 
0.358833 
-1.263583 
1.931967 
-0.574495 
1.208251 
1.481961 
2.060216 
1.051012 
-0.666902 
1.299094 
-2.448180 
0.687791 
0.902639 
-0.218669 
0.350792 
0.847549 
0.189956 
-2.250303 
1.102366 
-0.883404 
-0.559414 
-2.288783 
0.748425 
-1.337898 
2.487532 
0.734777 
-1.905737 
-0.758713 
-2.298912 
0.242019 
0.692992 
1.954255 
2.370198 
-0.930543 
-3.271828 
-1.214999 
0.977279 
0.174314 
-0.554422 
-0.526644 
-1.361491 
0.732944 
-0.388763 
-1.556118 
-0.726850 
-1.077910 
-1.466178 
-0.884470 
1.245163 
1.038759 
-0.271856 
-1.587848 
2.644758 
0.570014 
1.415248 
1.628392 
1.522601 
-1.192574 
0.858815 
0.036517 
-1.249207 
0.849235 
0.842539 
1.231044 
0.308343 
-1.019933 
-0.470018 
0.980613 
1.809281 
1.774518 
0.396254 
-0.548361 
0.311745 
-0.158539 
1.338733 
-1.566241 
-1.971294 
0.789104 
-1.308551 
-0.566401 
-1.255511 
0.129107 
0.810241 
0.698029 
-0.892522 
-1.363844 
-1.167458 
-1.131417 
0.193128 
1.138066 
0.508699 
-1.627679 
0.123256 
-2.374114 
2.529998 
-1.622771 
-0.159093 
1.408210 
-0.033921 
-2.368350 
-2.166769 
1.423228 
-1.226317 
-0.365510 
-0.506237 
0.883487 
0.847625 
1.682942 
0.942429 
0.470497 
-0.506412 
-0.622736 
0.051849 
-1.758363 
0.177041 
-0.230081 
1.749603 
-0.592314 
-1.282598 
0.412567 
1.141034 
-1.434846 
0.356253 
-0.310009 
1.187575 
-2.248242 
-0.814016 
-1.060308 
0.212749 
0.255485 
-0.395301 
1.379856 
0.717270 
-0.473492 
-0.675269 
0.435417 
1.114385 
1.279781 
-0.076295 
0.432258 
0.529368 
0.839693 
-0.616234 
-0.511733 
-0.649067 
1.707371 
0.723239 
0.968374 
-1.842262 
-0.174191 
2.892735 
-1.543271 
-0.015094 
0.107402 
0.951772 
-1.552952 
0.656592 
0.488112 
-1.544540 
0.738517 
0.291717 
1.411185 
0.527002 
-1.060009 
0.609771 
0.173458 
-2.017668 
-1.727055 
1.567762 
0.248880 
-0.584730 
-1.138220 
-2.191632 
-0.536275 
1.835543 
0.253577 
-1.066732 
-1.020976 
0.654784 
-0.961774 
0.225289 
-1.383319 
1.263806 
0.277570 
3.052953 
-0.950663 
-1.123611 
0.720585 
1.351789 
0.621581 
1.255297 
-1.138709 
1.399674 
1.598135 
0.697923 
0.697548 
1.179586 
-0.980356 
-1.027795 
1.749840 
-1.143870 
1.923146 
1.485872 
-1.756364 
0.349832 
-1.325622 
-0.446985 
0.880284 
1.480202 
1.283894 
1.649177 
2.375382 
0.808446 
1.025608 
-0.526098 
-0.905237 
0.633288 
0.599900 
0.740390 
0.977513 
-0.184328 
-3.972185 
1.557299 
1.282987 
-1.162688 
-1.482575 
-0.423564 
-1.399582 
-1.790851 
1.086470 
-0.148145 
0.300921 
1.157457 
-0.518610 
-0.839407 
2.133570 
0.222824 
1.829551 
0.541075 
1.114147 
0.908469 
-0.050137 
1.155725 
1.999978 
0.102453 
0.296365 
-1.775111 
0.060128 
3.534866 
-1.302103 
0.535515 
-0.124435 
-0.510920 
0.063690 
-1.111318 
-1.375105 
0.657927 
0.362918 
1.548288 
-0.983753 
-1.160839 
-2.401138 
-0.222196 
0.057039 
0.659872 
1.271645 
0.862986 
0.367915 
-1.399190 
-0.444397 
-2.596190 
0.173576 
1.943836 
-0.781659 
1.247895 
0.966783 
-0.744299 
-0.440969 
0.776723 
-1.976740 
-0.609351 
0.068818 
1.469225 
0.583545 
-0.628033 
-0.587306 
-0.071312 
-0.354341 
-2.742985 
-1.872959 
-1.611419 
-0.940856 
-0.022883 
0.168853 
-0.768485 
0.146201 
-1.703023 
1.086740 
-1.485720 
-1.665936 
1.865314 
-1.285588 
-0.674997 
0.398574 
-0.812603 
0.513918 
0.230985 
1.395656 
-1.108855 
-1.366633 
1.066045 
0.098035 
-0.995577 
-0.033689 
-0.069163 
0.847112 
-1.227122 
-0.879631 
-0.490489 
0.233467 
-1.592556 
-0.579944 
0.486973 
-1.185482 
-0.001305 
1.114297 
-0.207665 
0.561634 
-2.079586 
-0.872802 
-0.087036 
-0.836344 
-0.309746 
-1.793252 
1.129547 
0.094559 
-2.692353 
-1.490813 
0.500474 
0.198325 
0.819147 
-0.774946 
-1.704417 
-0.464811 
-0.453230 
0.695001 
1.732627 
-1.576798 
1.463538 
-2.519668 
-1.109904 
-1.715550 
-1.806225 
0.366926 
-2.470507 
-1.843758 
-0.104030 
2.503014 
0.347357 
-1.526351 
-0.664133 
1.975335 
0.047301 
-0.155137 
-1.812890 
-0.924879 
0.203348 
-1.000911 
0.255101 
-0.260586 
1.527582 
-0.138767 
1.741750 
0.927727 
1.621445 
1.289550 
-1.537910 
1.432699 
1.510464 
-0.467497 
0.203914 
0.113931 
0.192241 
-0.118913 
0.105546 
-2.419612 
-1.297876 
1.274937 
-1.814205 
-0.668596 
-1.856924 
-2.282891 
-1.008346 
-1.849279 
1.390275 
1.461989 
-0.714958 
-1.495300 
1.088352 
-0.862033 
0.293254 
-0.688216 
-0.855404 
-1.547335 
2.712886 
-0.403914 
-0.916012 
-1.661230 
-0.830333 
0.024239 
0.367505 
-0.493883 
-0.713009 
0.974583 
-0.664452 
0.758085 
-0.419665 
-2.043059 
1.932099 
1.596944 
-1.720500 
-1.634137 
1.034149 
1.961627 
2.548169 
0.973429 
-1.748052 
-1.215852 
0.184751 
2.544910 
1.028496 
-1.585959 
0.933617 
0.566205 
-0.324244 
0.151645 
2.047002 
1.711833 
0.900946 
0.789359 
1.272143 
2.319615 
2.224735 
-1.192119 
0.843383 
0.177598 
1.370590 
-1.247803 
-1.546679 
-0.597283 
-0.115582 
-1.572119 
0.840535 
-0.585925 
-2.246201 
-1.901489 
1.255191 
-0.618836 
1.236600 
1.194019 
-0.368828 
-1.550967 
-1.120206 
-1.212589 
1.400511 
-1.925304 
1.949615 
0.831305 
1.859262 
0.026931 
0.473387 
1.727062 
-1.327621 
1.005559 
-0.716203 
-1.034715 
-1.612234 
0.813756 
-1.496061 
1.500583 
-2.703780 
-1.461834 
-0.954177 
1.056523 
-0.654696 
0.325912 
1.036471 
0.436095 
-0.924809 
-1.453836 
0.297995 
-0.646568 
-0.522852 
-1.542237 
-2.152932 
-2.036022 
1.247184 
-0.668915 
1.358131 
-2.213539 
-1.060960 
0.184665 
1.267417 
0.534658 
-1.970455 
-1.473593 
-0.176682 
-1.083576 
0.612898 
1.672190 
0.375216 
-0.494837 
-0.818683 
-0.808586 
-1.224286 
-0.265303 
-3.124635 
-0.275426 
-0.576507 
0.174520 
1.442318 
1.102931 
-0.690566 
-0.769870 
0.540257 
-0.933486 
0.189913 
1.073859 
0.499678 
-1.301034 
-0.171515 
-0.560347 
0.591280 
-0.471624 
-1.753728 
-0.218502 
-1.510032 
0.732585 
-0.116346 
1.429850 
-1.168897 
2.420478 
-0.122296 
0.823556 
1.435088 
0.026176 
2.028688 
-1.689720 
1.002980 
2.604256 
-2.012984 
0.121475 
-0.951084 
1.428328 
1.462082 
-2.186263 
0.974922 
-0.656475 
-1.636064 
1.372488 
1.031121 
-0.105875 
-0.845928 
1.867907 
-0.005783 
0.339284 
1.761077 
1.370280 
-0.911743 
0.882619 
0.701395 
2.310443 
-2.124943 
1.016618 
-1.648315 
-1.505065 
1.559607 
-1.272280 
-0.218933 
1.813988 
-0.853283 
-0.387873 
1.388619 
1.610586 
0.399136 
-0.350991 
-0.853920 
-0.302432 
1.478943 
-0.379772 
1.303670 
-0.424109 
0.855476 
-0.572727 
1.061951 
-0.092527 
0.530588 
1.273830 
0.812146 
-0.872920 
0.688390 
0.787083 
0.247777 
-0.868280 
-1.314716 
-0.077391 
-0.997118 
-0.808646 
-1.543538 
-0.444218 
-1.155171 
1.773106 
-1.209632 
0.223678 
1.375794 
-0.745365 
-1.277004 
-0.673824 
-1.728816 
2.642290 
0.180322 
0.497215 
1.559745 
0.168118 
0.342372 
-1.593539 
-1.769998 
1.303594 
1.554983 
0.157775 
-1.593182 
-1.635640 
0.674195 
1.070829 
-1.573591 
0.860243 
-0.445282 
0.522092 
-0.798517 
0.163582 
0.567106 
0.392401 
1.473423 
1.895561 
-0.249076 
-1.301758 
1.636964 
0.426883 
-0.228933 
-2.406575 
-0.145146 
-1.369221 
-1.038081 
-0.019747 
1.603901 
0.929967 
1.635543 
-0.978797 
0.505016 
-0.180059 
0.531869 
-2.116957 
-1.986753 
0.366046 
-2.153111 
0.722628 
-1.928548 
0.147087 
-2.248168 
-1.754948 
1.379002 
1.180725 
2.463277 
0.989275 
-0.393560 
2.028616 
1.723145 
-1.649202 
0.327709 
-1.657242 
-0.071718 
0.208675 
1.049889 
-2.154401 
0.494768 
0.763816 
1.300711 
1.983371 
-1.740440 
-0.633394 
-0.762683 
0.693009 
0.701482 
0.795926 
1.794888 
-0.223676 
1.056325 
-1.419340 
1.399775 
-1.530984 
-0.028711 
1.003194 
0.165083 
1.005519 
0.676306 
-1.333681 
0.059724 
2.426488 
-0.495867 
-0.966306 
2.272115 
-0.697649 
0.315043 
1.431168 
1.248538 
-1.043973 
-0.753146 
0.012877 
0.989374 
1.567522 
-1.070604 
-1.226063 
-1.152496 
0.983505 
0.764830 
0.833227 
2.347455 
1.488520 
0.203713 
0.424977 
-1.917506 
-1.531010 
0.538644 
-0.752335 
-0.272059 
0.443649 
-0.253161 
2.055476 
-0.352599 
-0.715433 
-0.066259 
-0.559132 
1.473276 
-1.541347 
2.032113 
1.399919 
-0.587857 
2.143172 
2.137031 
1.609520 
0.102694 
0.067265 
0.407351 
-0.254964 
-1.212605 
-0.494031 
-0.118967 
1.738093 
0.428468 
-1.472125 
2.019882 
0.879970 
-0.804959 
-1.536876 
1.476468 
0.460381 
-0.483741 
0.462012 
-1.636035 
3.065569 
0.078925 
-1.448619 
1.519541 
-1.104720 
0.830472 
-1.225975 
2.560760 
-0.924748 
0.322394 
-0.765345 
2.670266 
2.377960 
1.666846 
1.455032 
1.870915 
1.409434 
0.871160 
0.627771 
2.185289 
1.373267 
-1.502473 
-1.350916 
0.247041 
-2.580845 
1.129536 
-0.382559 
1.464695 
-0.911596 
-0.895272 
-0.785431 
1.327515 
0.727548 
-1.434459 
0.497734 
-0.727876 
0.876861 
-1.743659 
-2.242669 
-0.674364 
0.560391 
-0.895444 
-1.191289 
0.572734 
-1.818395 
-0.901508 
2.255310 
-1.326817 
1.409823 
-2.229638 
-2.326055 
0.207002 
2.188296 
1.562641 
2.353807 
-1.864484 
0.734200 
-1.628755 
-0.256824 
0.241202 
-0.814870 
0.148564 
-1.751052 
0.776671 
-1.866389 
0.769003 
-1.799266 
1.407833 
-0.662142 
1.552718 
-0.565380 
-0.135045 
-0.127495 
-0.989947 
0.408971 
1.114669 
-0.565026 
1.195090 
-1.434455 
1.001250 
-0.327675 
-0.146790 
1.065578 
1.967724 
-1.149913 
0.651611 
2.286380 
0.863906 
0.624467 
0.198604 
2.729642 
0.781666 
-0.015050 
1.054537 
-1.732803 
1.857048 
-0.030112 
-1.638913 
-0.875136 
1.252357 
-0.697261 
-1.912509 
-1.088163 
1.765180 
1.590913 
-1.381527 
0.017253 
-0.293920 
-1.523122 
-2.029144 
-0.487509 
0.883417 
0.658953 
-1.169598 
-1.398545 
0.189361 
0.063252 
-1.533456 
1.932519 
2.260379 
-2.178068 
-0.018931 
0.018270 
1.413094 
0.785218 
0.146540 
-1.265092 
-0.666547 
-1.514432 
-0.902798 
0.886185 
-1.660474 
-0.761496 
-0.377450 
1.536676 
1.376769 
-2.094805 
-0.212476 
-1.721358 
-1.128322 
-1.795406 
-1.163393 
1.584342 
1.980967 
-1.095556 
-1.502896 
-0.497385 
-1.891450 
0.767377 
-1.146106 
1.347048 
0.833183 
-0.671208 
0.270977 
0.051248 
-1.497189 
0.676912 
0.337916 
-1.544057 
0.608838 
0.219939 
1.566961 
0.740826 
-1.749992 
1.652060 
1.973584 
-0.617187 
-1.136379 
0.121291 
-1.330609 
-0.607472 
-1.098562 
0.347964 
0.969488 
1.390165 
0.038195 
-2.838072 
0.667238 
0.245798 
-1.379782 
-0.091968 
1.015394 
-1.299152 
1.690899 
-1.141368 
-2.356488 
0.393916 
0.731261 
1.392946 
0.496024 
0.682561 
-1.076236 
-1.905605 
-3.095362 
-0.777592 
1.598519 
-1.265210 
0.244443 
1.216584 
0.943326 
0.281367 
1.192364 
0.186000 
-0.368941 
-1.713099 
1.851659 
1.872805 
-1.251464 
1.390263 
0.685939 
0.598308 
-1.020815 
-0.524443 
1.319414 
-0.961823 
1.887944 
1.616458 
-1.015531 
0.158414 
1.180731 
0.929523 
0.617102 
1.020793 
-0.639227 
1.659559 
-1.754197 
-0.474499 
-0.915454 
0.097330 
-2.869108 
1.086585 
-2.068631 
-0.283943 
1.434748 
-1.065013 
-1.371079 
-0.209300 
-1.824444 
0.809515 
0.277448 
0.817852 
-1.048710 
0.553853 
-0.369317 
-0.991084 
1.131932 
0.565265 
1.966495 
1.225470 
1.117392 
-1.143967 
-0.493796 
-0.691731 
-0.333240 
-0.416283 
-2.192930 
-0.741438 
-1.937235 
1.473214 
1.496796 
-0.658622 
-2.187690 
-0.806875 
-1.795356 
0.596657 
0.347096 
1.604385 
-0.637492 
0.059643 
-0.709502 
-0.813607 
0.507711 
0.439677 
-0.673541 
1.798710 
-2.020839 
1.663462 
0.030450 
-1.037352 
-2.741757 
1.675105 
-1.566996 
1.660940 
1.609325 
0.313848 
1.180914 
1.030250 
-0.817205 
1.222818 
0.780223 
0.335146 
1.892937 
-1.623024 
0.462646 
0.475990 
-3.167452 
-0.853658 
-0.322432 
0.068826 
-1.568909 
-1.400923 
0.965669 
-1.157864 
1.050866 
-1.318016 
1.559701 
-0.878238 
-0.886988 
-1.559038 
-0.144783 
1.459643 
-1.866795 
-2.201975 
-0.637755 
-0.414239 
0.321026 
-1.243893 
-0.938480 
1.727687 
-0.877755 
-0.648923 
2.418750 
2.022890 
2.019938 
-0.326512 
-0.679430 
2.485983 
0.883957 
-0.207443 
-1.212233 
-0.847869 
0.590968 
2.086216 
-2.229463 
1.284820 
-0.727900 
-0.024121 
-0.521997 
1.914395 
0.111263 
1.345245 
-0.753199 
1.265474 
-1.221736 
1.148849 
1.406508 
1.122764 
0.527708 
1.458069 
-2.400286 
-1.600951 
0.747401 
1.495113 
1.429155 
-1.408859 
1.245942 
1.001478 
1.714029 
1.470167 
-0.066422 
-1.504981 
-0.980233 
0.880736 
-1.047507 
0.943669 
2.029780 
-1.467384 
0.599461 
-1.576157 
1.353318 
1.712974 
1.567411 
-0.596618 
-1.808877 
-0.725732 
-0.625974 
-0.919264 
1.025758 
1.057555 
-1.360844 
1.360144 
-0.245633 
-0.564093 
-0.227731 
0.734600 
-1.208302 
0.833416 
2.652023 
1.786255 
0.965165 
-0.341764 
-0.836923 
0.248078 
2.003120 
1.522285 
0.399174 
2.016517 
0.428915 
2.898055 
0.286125 
1.318787 
1.011440 
0.231846 
0.746681 
-0.340546 
2.195617 
-0.434569 
-0.510110 
0.236197 
-0.025895 
0.602735 
-1.173754 
1.498339 
1.104592 
1.060027 
-0.390746 
1.634975 
-1.128933 
-0.545351 
-1.042633 
-0.333423 
1.667644 
0.372940 
-0.210825 
-0.966427 
-1.819731 
-1.173366 
-0.141163 
1.575464 
0.525246 
0.861476 
-0.077438 
2.549225 
-0.672337 
0.483931 
0.016641 
0.882622 
0.508309 
0.962415 
-0.970371 
1.439847 
-1.203937 
-1.093405 
-0.424035 
-1.513849 
0.226620 
1.786106 
-0.932454 
-1.416328 
0.070341 
1.410453 
1.461270 
-0.826030 
1.619178 
-1.079493 
-1.465750 
-0.531748 
-0.038067 
-1.189268 
2.540643 
-1.896851 
2.589519 
-1.387793 
-0.473306 
-1.639336 
-1.453270 
0.214041 
0.160397 
1.254447 
-0.184693 
-0.904500 
-0.650766 
1.135474 
0.709324 
-1.220675 
-0.321591 
0.517276 
-0.737730 
0.504916 
-1.293096 
-1.120229 
-1.313516 
-0.246951 
-0.920921 
1.759541 
0.517384 
-0.373679 
0.661863 
2.080889 
1.565528 
2.015212 
1.357930 
0.480040 
1.062459 
-0.794971 
2.121881 
2.048093 
-0.743566 
1.972835 
-0.087749 
-0.369938 
-0.471209 
-0.413024 
-1.496960 
-1.718504 
-0.903171 
0.332390 
2.090102 
-0.101916 
1.267252 
-0.539155 
1.000100 
2.435598 
-1.631680 
1.723630 
0.454601 
1.215374 
0.599584 
-0.930135 
-0.684687 
-1.346337 
-1.798164 
1.314406 
-1.555090 
-1.256661 
-0.525798 
-1.902634 
-1.734761 
0.914183 
0.465693 
-0.244543 
0.570514 
-0.269714 
1.019826 
0.110019 
0.940773 
-0.823858 
1.631536 
-0.457546 
-0.142489 
1.317719 
1.167407 
-1.511481 
2.227772 
-1.602012 
-1.027641 
2.989281 
1.769431 
-1.460448 
1.691793 
-0.908524 
-1.756048 
-1.435302 
2.470543 
-1.940831 
-0.245335 
-0.736932 
-0.221691 
-1.631932 
-1.464230 
1.383673 
0.961898 
-0.338776 
0.323351 
-1.281812 
0.275876 
1.298641 
-1.010978 
-1.777746 
0.047194 
-3.031075 
0.667844 
1.315275 
-0.044667 
1.029040 
-0.831203 
-0.803197 
1.719417 
1.741284 
-1.503674 
-0.455419 
-2.277129 
-1.634474 
-1.648042 
0.676307 
0.005055 
-1.070802 
-1.836372 
-1.114431 
-0.032527 
-2.114897 
-1.028046 
-0.383034 
1.204845 
-1.113858 
-0.090618 
-0.717039 
-2.645130 
-0.635487 
-0.516989 
-1.732263 
1.762392 
0.294029 
0.273134 
-0.157538 
-0.760754 
-0.470087 
0.581885 
-1.101336 
1.763842 
1.264774 
0.420301 
0.840468 
-0.628212 
2.290940 
1.168417 
0.934149 
0.909972 
-0.696201 
-0.896589 
0.209558 
-1.035152 
1.259861 
2.179210 
-1.154474 
0.484163 
1.134503 
2.033237 
-0.425782 
0.447064 
2.113461 
-0.548277 
1.147854 
1.065384 
0.765908 
0.841452 
-1.514555 
-0.478563 
2.483579 
-0.259620 
-0.903703 
-0.122128 
1.273198 
1.097657 
0.045907 
1.656355 
2.342792 
-1.621452 
2.285728 
-0.474131 
0.203657 
1.277778 
1.000603 
0.288676 
1.997035 
-0.510888 
0.512629 
1.224782 
1.233625 
0.686676 
1.086603 
-0.857053 
-1.656715 
1.214146 
-2.273618 
1.210075 
1.154457 
1.216789 
-2.436189 
-0.392169 
-1.269283 
0.119640 
-1.038335 
0.455039 
-2.715613 
-0.129302 
0.407738 
1.760947 
0.197263 
-1.021078 
0.172548 
-0.369194 
-0.426839 
0.394266 
0.847219 
1.808199 
-0.897028 
0.964020 
-1.085340 
-0.710358 
-0.707887 
-1.411250 
1.319260 
0.774836 
0.207580 
1.396392 
1.359911 
-1.053107 
2.491766 
-1.085306 
1.563629 
-2.053928 
-0.730551 
0.752632 
0.311222 
-0.947672 
0.905102 
-2.252603 
-0.548812 
-1.652227 
2.122520 
-1.182349 
-0.092309 
-0.952860 
0.713294 
-1.322954 
0.954211 
0.268503 
-0.348184 
2.001196 
-2.160086 
-1.349699 
0.816260 
0.130332 
0.259449 
-2.513205 
1.015051 
2.126467 
1.250034 
-2.928485 
1.281348 
0.705524 
1.024090 
-1.742587 
1.414340 
0.480724 
0.324044 
-0.785248 
-0.876132 
-1.092258 
-1.742076 
-1.701176 
-0.588560 
-1.756191 
1.126903 
1.476152 
-1.992173 
-0.083325 
-0.761693 
-1.516826 
0.557632 
1.328338 
0.793250 
0.314142 
-2.192872 
1.891709 
1.888417 
0.527145 
2.561897 
1.903098 
-1.599638 
-0.163062 
-0.044595 
-1.466702 
-1.691452 
-0.888411 
0.732772 
1.531168 
1.540822 
0.478676 
1.179225 
-1.579818 
-2.408093 
1.091977 
1.840404 
0.317486 
-0.630269 
2.366456 
-0.617640 
2.083031 
-1.662697 
1.352308 
-1.231811 
-1.461328 
-1.513994 
0.663190 
-0.454411 
2.255479 
0.856015 
-2.155105 
0.619610 
1.361417 
1.756739 
2.142465 
-2.439280 
1.592487 
-1.428415 
1.616284 
1.435765 
-1.728961 
-2.163984 
-0.756460 
-0.726157 
-0.215503 
0.744016 
1.637712 
0.323489 
-1.803468 
-1.311576 
-1.653582 
-1.783653 
-1.408324 
0.340731 
2.466306 
-0.397521 
-0.033629 
-0.603035 
-0.757170 
0.609087 
-1.101300 
1.769664 
0.516934 
1.206232 
0.925688 
0.862291 
0.366415 
-1.621360 
2.991134 
-2.058712 
0.263316 
1.119877 
1.032748 
-2.832412 
-0.988237 
-0.038175 
1.175589 
-1.143665 
-1.737603 
-0.402260 
-0.357344 
-1.484973 
-2.390149 
1.942866 
0.297395 
-1.830400 
-0.299526 
1.438917 
-0.005912 
1.768328 
0.327069 
-1.021137 
0.454299 
1.105557 
1.474514 
-2.283046 
1.471038 
-1.981693 
1.505254 
1.209778 
0.857818 
0.068848 
0.415893 
1.075355 
0.667373 
-0.369501 
1.233729 
2.106619 
0.662123 
0.194563 
-1.226311 
0.100435 
-1.028824 
2.171743 
0.928800 
2.847406 
1.043543 
1.827152 
-0.251668 
0.893160 
-0.615421 
-1.768367 
-0.561926 
-1.495407 
0.234639 
-0.759300 
0.052155 
-1.391647 
-0.891937 
1.097884 
-0.612979 
-0.804275 
1.603404 
-1.488633 
0.608430 
0.633396 
-0.081467 
-0.672076 
-1.831791 
0.708940 
1.346376 
1.579425 
-1.618805 
0.535714 
1.102761 
1.026854 
-0.448354 
-1.014535 
-0.479192 
0.069764 
-0.911916 
0.731202 
0.177159 
-0.207472 
-0.184242 
-1.012183 
-0.590245 
1.004128 
-1.815358 
1.430720 
0.171278 
0.278097 
1.221872 
-0.647025 
1.600788 
1.352574 
1.499925 
0.919665 
-1.583489 
-0.271882 
0.163528 
2.850865 
-0.913293 
2.096856 
-1.114619 
0.448755 
0.057639 
2.353906 
1.082246 
-3.360861 
-0.842830 
0.459585 
1.015409 
-1.039703 
-1.111497 
1.274332 
-0.719710 
-0.739419 
1.671680 
-0.384875 
1.048332 
2.112548 
-0.175778 
-2.526888 
1.585920 
0.026411 
-1.963580 
1.097918 
-1.296064 
-1.228890 
2.527160 
0.335196 
-0.963258 
-2.008379 
-1.030775 
-1.221409 
-0.394148 
0.179855 
1.653547 
2.059799 
-0.469285 
0.755266 
0.672669 
0.526023 
-0.593416 
-0.060521 
0.569361 
1.233796 
-2.968342 
1.473710 
0.439272 
1.019287 
0.209217 
1.545560 
0.652855 
0.554144 
-0.654518 
3.627317 
-0.211168 
-1.288912 
2.135320 
1.057938 
1.601750 
1.716278 
0.496655 
-2.259134 
-1.920550 
0.802181 
-1.062446 
-1.684816 
-0.706391 
-1.694357 
-1.524220 
-0.299106 
0.269357 
1.304126 
1.587454 
0.080400 
1.883367 
0.015265 
1.456751 
0.889321 
0.534339 
0.537145 
-1.747505 
-0.652139 
-1.023573 
1.326033 
0.928757 
1.491125 
-0.848635 
-1.796922 
1.072609 
1.665471 
2.407847 
-0.502919 
-0.884821 
0.287059 
-1.725029 
1.746328 
-1.041835 
1.472993 
-1.093009 
1.999389 
-1.145896 
-1.284792 
-0.016953 
0.674123 
-1.604154 
0.753414 
0.216160 
0.463515 
-1.161668 
-2.213976 
-1.666276 
0.417352 
-2.188492 
-1.413662 
1.179232 
1.310498 
-0.982820 
1.518451 
-0.754428 
3.095390 
0.027647 
-1.825536 
0.523343 
0.977399 
-0.383390 
-1.528772 
0.466199 
-1.503407 
1.295898 
0.873727 
-0.399557 
-1.876330 
-0.638118 
-0.002382 
-0.314231 
-1.185334 
0.685121 
-1.509212 
-1.653163 
1.785043 
-0.777802 
0.923968 
0.687566 
-1.400768 
1.703458 
1.763359 
1.031143 
-0.622808 
0.724762 
1.389265 
-1.464200 
-1.434947 
-0.550671 
-1.608102 
-0.547791 
0.672969 
-1.796228 
-0.230172 
0.534944 
-1.036292 
-1.509360 
-0.178010 
-1.290468 
-0.395383 
0.896653 
1.373496 
2.064033 
1.145543 
-0.045547 
-1.897584 
0.338232 
-1.362513 
1.395162 
-2.637717 
1.655371 
-0.731480 
1.372676 
0.309814 
-0.741304 
-1.204946 
-0.192437 
-1.609838 
0.121314 
1.549912 
-0.354870 
-0.137569 
1.068634 
0.904773 
1.056013 
-1.823803 
1.315028 
-0.476194 
0.111537 
1.368570 
1.758285 
-0.377951 
1.347344 
-1.590478 
-0.589385 
-1.252238 
-1.403604 
-2.343911 
1.361022 
2.468293 
-0.098799 
1.825196 
-1.676271 
2.359731 
-0.555907 
0.657837 
0.702231 
-0.653759 
0.135271 
-0.517852 
-2.705748 
-1.149476 
-2.106405 
0.272744 
1.258964 
1.258236 
-0.353413 
0.493864 
-0.579930 
0.449000 
0.098296 
0.198556 
1.754944 
1.903772 
-0.724629 
-2.090437 
-0.654472 
-0.910330 
-1.233531 
0.328427 
1.048011 
-0.399174 
1.197917 
0.256643 
0.490156 
0.814605 
1.583771 
-2.039393 
-1.369410 
-1.820837 
-1.310649 
0.856127 
0.135611 
0.041006 
1.247539 
-1.300559 
0.837854 
-0.253118 
-1.426016 
0.998518 
2.795392 
0.927211 
-0.928642 
-0.367623 
-0.810441 
0.951210 
-0.064016 
-1.173598 
-1.231424 
-0.239224 
0.886306 
0.429693 
-0.184946 
-0.209368 
0.194501 
1.835936 
-1.150286 
3.003833 
0.159604 
0.485983 
-0.996843 
-2.555454 
0.269044 
-0.411081 
-1.385869 
0.048114 
-1.824941 
0.288035 
-1.719988 
-0.070414 
1.175628 
1.287263 
0.900211 
0.366333 
-1.503031 
-0.192037 
2.187682 
-0.512420 
-0.431063 
-1.434314 
0.553887 
-1.874431 
0.740239 
1.372774 
-0.613126 
0.159440 
-1.020035 
-0.013360 
-2.462448 
0.278469 
1.543914 
0.261194 
-0.121311 
1.174530 
-1.469029 
0.720807 
-0.044251 
-0.484187 
-0.927091 
2.389045 
3.682474 
-1.268069 
-0.147640 
2.762946 
0.335959 
2.224273 
1.748449 
0.882811 
-0.054945 
1.091025 
-1.587100 
-1.238656 
-1.777883 
-2.268276 
-1.384369 
-0.886390 
2.069336 
1.431779 
-2.668641 
0.096039 
0.016667 
1.226277 
-0.005605 
1.605307 
1.057009 
1.088302 
0.194787 
1.692282 
-0.140046 
2.280219 
-1.300324 
-1.464750 
1.893331 
1.193452 
-1.238835 
0.707398 
-1.321572 
-0.825888 
2.121974 
1.195592 
-1.953419 
0.507091 
-0.979254 
-1.287449 
0.389642 
1.547159 
-1.735062 
-0.430326 
0.713935 
-1.656764 
1.682520 
1.708664 
-1.431285 
0.233379 
1.197342 
-2.748270 
-2.303369 
1.832261 
0.895842 
-1.357838 
-1.941374 
0.320854 
-2.282519 
-0.344971 
2.041407 
-0.663888 
-0.723208 
1.055172 
-1.312922 
-0.389774 
